469633.88 5016360.88 0.7244
469903.88 5016360.88 0.731
469633.88 5016450.88 0.6853
469903.88 5017260.88 0.7007
469933.88 5017260.88 0.7098
469963.88 5017260.88 0.719
469993.88 5017260.88 0.7045
470023.88 5017260.88 0.6969
470053.88 5017260.88 0.6922
470083.88 5017260.88 0.6978
470113.88 5017260.88 0.6893
470143.88 5017260.88 0.6905
470173.88 5017260.88 0.6878
469663.88 5016450.88 0.6697
470203.88 5017260.88 0.685
470233.88 5017260.88 0.693
470263.88 5017260.88 0.7098
470293.88 5017260.88 0.78
470323.88 5017260.88 0.7502
470353.88 5017260.88 0.6978
470383.88 5017260.88 0.6889
470413.88 5017260.88 0.685
470443.88 5017260.88 0.6648
470473.88 5017260.88 0.6683
469693.88 5016450.88 0.6774
470503.88 5017260.88 0.7224
470533.88 5017260.88 0.7367
470563.88 5017260.88 0.7276
469603.88 5017290.88 0.7457
469633.88 5017290.88 0.7177
469663.88 5017290.88 0.6781
469693.88 5017290.88 0.6699
469723.88 5017290.88 0.6845
469753.88 5017290.88 0.6748
469783.88 5017290.88 0.6851
469723.88 5016450.88 0.686
469813.88 5017290.88 0.6976
469843.88 5017290.88 0.6904
469873.88 5017290.88 0.6936
469903.88 5017290.88 0.6952
469933.88 5017290.88 0.718
469963.88 5017290.88 0.7139
469993.88 5017290.88 0.7089
470023.88 5017290.88 0.7134
470053.88 5017290.88 0.7311
470083.88 5017290.88 0.6963
469753.88 5016450.88 0.6944
470113.88 5017290.88 0.6878
470143.88 5017290.88 0.6761
470173.88 5017290.88 0.6838
470203.88 5017290.88 0.6786
470233.88 5017290.88 0.6823
470263.88 5017290.88 0.72
470293.88 5017290.88 0.7153
470323.88 5017290.88 0.7282
470353.88 5017290.88 0.7079
470383.88 5017290.88 0.6956
469783.88 5016450.88 0.6995
470413.88 5017290.88 0.686
470443.88 5017290.88 0.6649
470473.88 5017290.88 0.6676
470503.88 5017290.88 0.715
470533.88 5017290.88 0.7484
470563.88 5017290.88 0.7323
469603.88 5017320.88 0.7359
469633.88 5017320.88 0.7855
469663.88 5017320.88 0.7409
469693.88 5017320.88 0.7324
469813.88 5016450.88 0.6994
469723.88 5017320.88 0.7277
469753.88 5017320.88 0.7346
469783.88 5017320.88 0.7575
469813.88 5017320.88 0.7851
469843.88 5017320.88 0.7596
469873.88 5017320.88 0.7534
469903.88 5017320.88 0.7425
469933.88 5017320.88 0.7562
469963.88 5017320.88 0.7694
469993.88 5017320.88 0.7256
469843.88 5016450.88 0.7001
470023.88 5017320.88 0.7112
470053.88 5017320.88 0.7093
470083.88 5017320.88 0.7278
470113.88 5017320.88 0.7263
470143.88 5017320.88 0.726
470173.88 5017320.88 0.7103
470203.88 5017320.88 0.692
470233.88 5017320.88 0.69
470263.88 5017320.88 0.718
470293.88 5017320.88 0.7047
469873.88 5016450.88 0.6839
470323.88 5017320.88 0.7035
470353.88 5017320.88 0.6879
470383.88 5017320.88 0.6809
470413.88 5017320.88 0.6764
470443.88 5017320.88 0.6659
470473.88 5017320.88 0.6651
470503.88 5017320.88 0.6771
470533.88 5017320.88 0.7033
470563.88 5017320.88 0.7082
469603.88 5017350.88 0.7131
469903.88 5016450.88 0.6886
469633.88 5017350.88 0.6892
469663.88 5017350.88 0.6876
469693.88 5017350.88 0.689
469723.88 5017350.88 0.6823
469753.88 5017350.88 0.6859
469783.88 5017350.88 0.6869
469813.88 5017350.88 0.685
469843.88 5017350.88 0.6895
469873.88 5017350.88 0.6931
469903.88 5017350.88 0.6919
469933.88 5016360.88 0.7331
469933.88 5016450.88 0.7177
469933.88 5017350.88 0.6936
469963.88 5017350.88 0.7007
469993.88 5017350.88 0.6834
470023.88 5017350.88 0.6826
470053.88 5017350.88 0.6841
470083.88 5017350.88 0.6957
470113.88 5017350.88 0.6961
470143.88 5017350.88 0.684
470173.88 5017350.88 0.6866
470203.88 5017350.88 0.6755
469963.88 5016450.88 0.6986
470233.88 5017350.88 0.7118
470263.88 5017350.88 0.7213
470293.88 5017350.88 0.6999
470323.88 5017350.88 0.6804
470353.88 5017350.88 0.682
470383.88 5017350.88 0.6753
470413.88 5017350.88 0.6857
470443.88 5017350.88 0.6651
470473.88 5017350.88 0.6661
470503.88 5017350.88 0.6842
469993.88 5016450.88 0.6893
470533.88 5017350.88 0.7053
470563.88 5017350.88 0.727
469603.88 5017380.88 0.7362
469633.88 5017380.88 0.6916
469663.88 5017380.88 0.6923
469693.88 5017380.88 0.6914
469723.88 5017380.88 0.6877
469753.88 5017380.88 0.6928
469783.88 5017380.88 0.6962
469813.88 5017380.88 0.696
470023.88 5016450.88 0.6913
469843.88 5017380.88 0.6937
469873.88 5017380.88 0.6976
469903.88 5017380.88 0.6992
469933.88 5017380.88 0.6988
469963.88 5017380.88 0.7001
469993.88 5017380.88 0.6792
470023.88 5017380.88 0.683
470053.88 5017380.88 0.6867
470083.88 5017380.88 0.6976
470113.88 5017380.88 0.6953
470053.88 5016450.88 0.689
470143.88 5017380.88 0.6815
470173.88 5017380.88 0.6866
470203.88 5017380.88 0.6837
470233.88 5017380.88 0.7232
470263.88 5017380.88 0.7237
470293.88 5017380.88 0.7235
470323.88 5017380.88 0.689
470353.88 5017380.88 0.6842
470383.88 5017380.88 0.6772
470413.88 5017380.88 0.6784
470083.88 5016450.88 0.7105
470443.88 5017380.88 0.6662
470473.88 5017380.88 0.6709
470503.88 5017380.88 0.7067
470533.88 5017380.88 0.726
470563.88 5017380.88 0.7383
469603.88 5017410.88 0.7639
469633.88 5017410.88 0.6968
469663.88 5017410.88 0.6981
469693.88 5017410.88 0.7001
469723.88 5017410.88 0.6919
470113.88 5016450.88 0.7042
469753.88 5017410.88 0.6945
469783.88 5017410.88 0.6994
469813.88 5017410.88 0.6973
469843.88 5017410.88 0.6946
469873.88 5017410.88 0.7004
469903.88 5017410.88 0.7017
469933.88 5017410.88 0.6988
469963.88 5017410.88 0.7011
469993.88 5017410.88 0.6809
470023.88 5017410.88 0.6881
470143.88 5016450.88 0.7083
470053.88 5017410.88 0.6895
470083.88 5017410.88 0.7025
470113.88 5017410.88 0.6956
470143.88 5017410.88 0.6817
470173.88 5017410.88 0.6841
470203.88 5017410.88 0.6851
470233.88 5017410.88 0.691
470263.88 5017410.88 0.6961
470293.88 5017410.88 0.6847
470323.88 5017410.88 0.7096
470173.88 5016450.88 0.698
470353.88 5017410.88 0.6925
470383.88 5017410.88 0.677
470413.88 5017410.88 0.6844
470443.88 5017410.88 0.666
470473.88 5017410.88 0.678
470503.88 5017410.88 0.7015
470533.88 5017410.88 0.7109
470563.88 5017410.88 0.7641
469603.88 5017440.88 0.7716
469633.88 5017440.88 0.6922
470203.88 5016450.88 0.6895
469663.88 5017440.88 0.7084
469693.88 5017440.88 0.7022
469723.88 5017440.88 0.6935
469753.88 5017440.88 0.6984
469783.88 5017440.88 0.715
469813.88 5017440.88 0.697
469843.88 5017440.88 0.6957
469873.88 5017440.88 0.6928
469903.88 5017440.88 0.7026
469933.88 5017440.88 0.7001
469963.88 5016360.88 0.7314
470233.88 5016450.88 0.6907
469963.88 5017440.88 0.6995
469993.88 5017440.88 0.6765
470023.88 5017440.88 0.6877
470053.88 5017440.88 0.6865
470083.88 5017440.88 0.7011
470113.88 5017440.88 0.7005
470143.88 5017440.88 0.6933
470173.88 5017440.88 0.6898
470203.88 5017440.88 0.6872
470233.88 5017440.88 0.6937
470263.88 5016450.88 0.6944
470263.88 5017440.88 0.7025
470293.88 5017440.88 0.6855
470323.88 5017440.88 0.6887
470353.88 5017440.88 0.6849
470383.88 5017440.88 0.6746
470413.88 5017440.88 0.6888
470443.88 5017440.88 0.6662
470473.88 5017440.88 0.6758
470503.88 5017440.88 0.7049
470533.88 5017440.88 0.7089
470293.88 5016450.88 0.6994
470563.88 5017440.88 0.7128
469603.88 5017470.88 0.7254
469633.88 5017470.88 0.6918
469663.88 5017470.88 0.6998
469693.88 5017470.88 0.6996
469723.88 5017470.88 0.6952
469753.88 5017470.88 0.6953
469783.88 5017470.88 0.7043
469813.88 5017470.88 0.6997
469843.88 5017470.88 0.697
470323.88 5016450.88 0.6955
469873.88 5017470.88 0.7012
469903.88 5017470.88 0.6956
469933.88 5017470.88 0.7
469963.88 5017470.88 0.7016
469993.88 5017470.88 0.6765
470023.88 5017470.88 0.6876
470053.88 5017470.88 0.69
470083.88 5017470.88 0.7057
470113.88 5017470.88 0.7155
470143.88 5017470.88 0.7061
470353.88 5016450.88 0.6965
470173.88 5017470.88 0.6897
470203.88 5017470.88 0.6891
470233.88 5017470.88 0.7162
470263.88 5017470.88 0.7061
470293.88 5017470.88 0.6863
470323.88 5017470.88 0.6869
470353.88 5017470.88 0.6842
470383.88 5017470.88 0.6827
470413.88 5017470.88 0.691
470443.88 5017470.88 0.6686
470383.88 5016450.88 0.6931
470473.88 5017470.88 0.6783
470503.88 5017470.88 0.7128
470533.88 5017470.88 0.7053
470563.88 5017470.88 0.7226
469603.88 5017500.88 0.7452
469633.88 5017500.88 0.6857
469663.88 5017500.88 0.6922
469693.88 5017500.88 0.6876
469723.88 5017500.88 0.6895
469753.88 5017500.88 0.6852
470413.88 5016450.88 0.7117
469783.88 5017500.88 0.6878
469813.88 5017500.88 0.6927
469843.88 5017500.88 0.6888
469873.88 5017500.88 0.6985
469903.88 5017500.88 0.6878
469933.88 5017500.88 0.6974
469963.88 5017500.88 0.6924
469993.88 5017500.88 0.6692
470023.88 5017500.88 0.6855
470053.88 5017500.88 0.6897
470443.88 5016450.88 0.7275
470083.88 5017500.88 0.7056
470113.88 5017500.88 0.7066
470143.88 5017500.88 0.6885
470173.88 5017500.88 0.6916
470203.88 5017500.88 0.6933
470233.88 5017500.88 0.7188
470263.88 5017500.88 0.7005
470293.88 5017500.88 0.6959
470323.88 5017500.88 0.6933
470353.88 5017500.88 0.6836
470473.88 5016450.88 0.7142
470383.88 5017500.88 0.6751
470413.88 5017500.88 0.6828
470443.88 5017500.88 0.6677
470473.88 5017500.88 0.6728
470503.88 5017500.88 0.702
470533.88 5017500.88 0.711
470563.88 5017500.88 0.7341
469603.88 5017530.88 0.753
469633.88 5017530.88 0.6705
469663.88 5017530.88 0.6684
470503.88 5016450.88 0.7211
469693.88 5017530.88 0.6676
469723.88 5017530.88 0.6716
469753.88 5017530.88 0.6648
469783.88 5017530.88 0.6689
469813.88 5017530.88 0.6754
469843.88 5017530.88 0.6798
469873.88 5017530.88 0.6861
469903.88 5017530.88 0.6961
469933.88 5017530.88 0.7012
469963.88 5017530.88 0.706
469993.88 5016360.88 0.7309
470533.88 5016450.88 0.8137
469993.88 5017530.88 0.7077
470023.88 5017530.88 0.7155
470053.88 5017530.88 0.7188
470083.88 5017530.88 0.7279
470113.88 5017530.88 0.7229
470143.88 5017530.88 0.7065
470173.88 5017530.88 0.6883
470203.88 5017530.88 0.6757
470233.88 5017530.88 0.6864
470263.88 5017530.88 0.6722
470563.88 5016450.88 0.7502
470293.88 5017530.88 0.67
470323.88 5017530.88 0.6734
470353.88 5017530.88 0.6693
470383.88 5017530.88 0.6678
470413.88 5017530.88 0.6683
470443.88 5017530.88 0.6648
470473.88 5017530.88 0.6653
470503.88 5017530.88 0.6739
470533.88 5017530.88 0.681
470563.88 5017530.88 0.7077
469603.88 5016480.88 0.8149
469603.88 5017560.88 0.6967
469633.88 5017560.88 0.9761
469663.88 5017560.88 0.9796
469693.88 5017560.88 0.9853
469723.88 5017560.88 0.9901
469753.88 5017560.88 0.9969
469633.88 5016480.88 0.6803
469663.88 5016480.88 0.6711
470233.88 5017560.88 0.9821
470263.88 5017560.88 0.9664
470293.88 5017560.88 0.9489
470323.88 5017560.88 0.9316
470353.88 5017560.88 0.9129
470383.88 5017560.88 0.8959
470413.88 5017560.88 0.8793
470443.88 5017560.88 0.8583
470473.88 5017560.88 0.8427
469693.88 5016480.88 0.6821
470503.88 5017560.88 0.8578
470533.88 5017560.88 0.826
470563.88 5017560.88 0.7965
469603.88 5017590.88 0.7879
469723.88 5016480.88 0.6873
469753.88 5016480.88 0.7088
469783.88 5016480.88 0.6961
469813.88 5016480.88 0.6823
470023.88 5016360.88 0.7168
469843.88 5016480.88 0.7093
469873.88 5016480.88 0.6905
469903.88 5016480.88 0.6862
469933.88 5016480.88 0.6924
469963.88 5016480.88 0.6988
469993.88 5016480.88 0.6969
470023.88 5016480.88 0.7049
470053.88 5016480.88 0.7057
470083.88 5016480.88 0.6923
470113.88 5016480.88 0.7195
470053.88 5016360.88 0.7205
470143.88 5016480.88 0.7041
470173.88 5016480.88 0.6958
470203.88 5016480.88 0.6884
470233.88 5016480.88 0.691
470263.88 5016480.88 0.6954
470293.88 5016480.88 0.6909
470323.88 5016480.88 0.6925
470353.88 5016480.88 0.7016
470383.88 5016480.88 0.6917
470413.88 5016480.88 0.7134
470083.88 5016360.88 0.7214
470443.88 5016480.88 0.7091
470473.88 5016480.88 0.6918
470503.88 5016480.88 0.6986
470533.88 5016480.88 0.8144
470563.88 5016480.88 0.8359
469603.88 5016510.88 0.7307
469633.88 5016510.88 0.6725
469663.88 5016510.88 0.6721
469693.88 5016510.88 0.6815
469723.88 5016510.88 0.678
470113.88 5016360.88 0.7315
469753.88 5016510.88 0.6967
469783.88 5016510.88 0.6913
469813.88 5016510.88 0.7035
469843.88 5016510.88 0.6976
469873.88 5016510.88 0.693
469903.88 5016510.88 0.6758
469933.88 5016510.88 0.6883
469963.88 5016510.88 0.7043
469993.88 5016510.88 0.7023
470023.88 5016510.88 0.6874
470143.88 5016360.88 0.7221
470053.88 5016510.88 0.6946
470083.88 5016510.88 0.7024
470113.88 5016510.88 0.702
470143.88 5016510.88 0.7019
470173.88 5016510.88 0.6912
470203.88 5016510.88 0.6883
470233.88 5016510.88 0.692
470263.88 5016510.88 0.6932
470293.88 5016510.88 0.6903
470323.88 5016510.88 0.6853
470173.88 5016360.88 0.7072
470353.88 5016510.88 0.6837
470383.88 5016510.88 0.6945
470413.88 5016510.88 0.6966
470443.88 5016510.88 0.7014
470473.88 5016510.88 0.6792
470503.88 5016510.88 0.7154
470533.88 5016510.88 0.8294
470563.88 5016510.88 0.844
469603.88 5016540.88 0.8663
469633.88 5016540.88 0.6753
469663.88 5016360.88 0.7389
470203.88 5016360.88 0.7061
469663.88 5016540.88 0.669
469693.88 5016540.88 0.6766
469723.88 5016540.88 0.6762
469753.88 5016540.88 0.6866
469783.88 5016540.88 0.6957
469813.88 5016540.88 0.6997
469843.88 5016540.88 0.7004
469873.88 5016540.88 0.6848
469903.88 5016540.88 0.6847
469933.88 5016540.88 0.689
470233.88 5016360.88 0.7116
469963.88 5016540.88 0.6847
469993.88 5016540.88 0.6999
470023.88 5016540.88 0.7169
470053.88 5016540.88 0.6975
470083.88 5016540.88 0.7142
470113.88 5016540.88 0.7245
470143.88 5016540.88 0.6974
470173.88 5016540.88 0.691
470203.88 5016540.88 0.687
470233.88 5016540.88 0.6866
470263.88 5016360.88 0.707
470263.88 5016540.88 0.6918
470293.88 5016540.88 0.6886
470323.88 5016540.88 0.6938
470353.88 5016540.88 0.6946
470383.88 5016540.88 0.6858
470413.88 5016540.88 0.6874
470443.88 5016540.88 0.6932
470473.88 5016540.88 0.6838
470503.88 5016540.88 0.6959
470533.88 5016540.88 0.8209
470293.88 5016360.88 0.715
470563.88 5016540.88 0.8537
469603.88 5016570.88 0.8761
469633.88 5016570.88 0.677
469663.88 5016570.88 0.6694
469693.88 5016570.88 0.6689
469723.88 5016570.88 0.6724
469753.88 5016570.88 0.6753
469783.88 5016570.88 0.6869
469813.88 5016570.88 0.6697
469843.88 5016570.88 0.6812
470323.88 5016360.88 0.7123
469873.88 5016570.88 0.6808
469903.88 5016570.88 0.7029
469933.88 5016570.88 0.6999
469963.88 5016570.88 0.7123
469993.88 5016570.88 0.6829
470023.88 5016570.88 0.6836
470053.88 5016570.88 0.7416
470083.88 5016570.88 0.7507
470113.88 5016570.88 0.779
470143.88 5016570.88 0.7713
470353.88 5016360.88 0.7032
470173.88 5016570.88 0.7987
470203.88 5016570.88 0.7588
470233.88 5016570.88 0.7731
470263.88 5016570.88 0.7734
470293.88 5016570.88 0.7672
470323.88 5016570.88 0.7686
470353.88 5016570.88 0.782
470383.88 5016570.88 0.7676
470413.88 5016570.88 0.7655
470443.88 5016570.88 0.7719
470383.88 5016360.88 0.6989
470473.88 5016570.88 0.7858
470503.88 5016570.88 0.7823
470533.88 5016570.88 0.8783
470563.88 5016570.88 0.871
469603.88 5016600.88 0.8798
469633.88 5016600.88 0.6708
469663.88 5016600.88 0.668
469693.88 5016600.88 0.6665
469723.88 5016600.88 0.7042
469753.88 5016600.88 0.6699
470413.88 5016360.88 0.7078
469783.88 5016600.88 0.6768
469813.88 5016600.88 0.6774
469843.88 5016600.88 0.6899
469873.88 5016600.88 0.6874
469903.88 5016600.88 0.7183
469933.88 5016600.88 0.6869
469963.88 5016600.88 0.6877
469993.88 5016600.88 0.6729
470023.88 5016600.88 0.6842
470053.88 5016600.88 0.7017
470443.88 5016360.88 0.699
470083.88 5016600.88 0.6923
470113.88 5016600.88 0.6875
470143.88 5016600.88 0.6887
470173.88 5016600.88 0.6907
470203.88 5016600.88 0.7069
470233.88 5016600.88 0.7004
470263.88 5016600.88 0.7085
470293.88 5016600.88 0.7008
470323.88 5016600.88 0.7107
470353.88 5016600.88 0.708
470473.88 5016360.88 0.6743
470383.88 5016600.88 0.6954
470413.88 5016600.88 0.7023
470443.88 5016600.88 0.6884
470473.88 5016600.88 0.6845
470503.88 5016600.88 0.7118
470533.88 5016600.88 0.8503
470563.88 5016600.88 0.8315
469603.88 5016630.88 0.8631
469633.88 5016630.88 0.6876
469663.88 5016630.88 0.6737
469693.88 5016360.88 0.7312
470503.88 5016360.88 0.6843
469693.88 5016630.88 0.6803
469723.88 5016630.88 0.6724
469753.88 5016630.88 0.6843
469783.88 5016630.88 0.7148
469813.88 5016630.88 0.7049
469843.88 5016630.88 0.6858
469873.88 5016630.88 0.6957
469903.88 5016630.88 0.6945
469933.88 5016630.88 0.691
469963.88 5016630.88 0.6879
470533.88 5016360.88 0.6893
469993.88 5016630.88 0.6787
470023.88 5016630.88 0.8035
470053.88 5016630.88 0.7099
470083.88 5016630.88 0.6997
470113.88 5016630.88 0.6929
470143.88 5016630.88 0.6858
470173.88 5016630.88 0.692
470203.88 5016630.88 0.6943
470233.88 5016630.88 0.6867
470263.88 5016630.88 0.6826
470563.88 5016360.88 0.6892
470293.88 5016630.88 0.6833
470323.88 5016630.88 0.6987
470353.88 5016630.88 0.6869
470383.88 5016630.88 0.6807
470413.88 5016630.88 0.6741
470443.88 5016630.88 0.675
470473.88 5016630.88 0.6743
470503.88 5016630.88 0.6894
470533.88 5016630.88 0.8446
470563.88 5016630.88 0.7702
469603.88 5016390.88 0.697
469603.88 5016660.88 0.9003
469633.88 5016660.88 0.693
469663.88 5016660.88 0.7113
469693.88 5016660.88 0.8342
469723.88 5016660.88 0.8826
469753.88 5016660.88 0.8498
469783.88 5016660.88 0.9185
469813.88 5016660.88 0.8916
469843.88 5016660.88 0.9016
469873.88 5016660.88 0.9124
469633.88 5016390.88 0.6674
469903.88 5016660.88 0.9295
469933.88 5016660.88 0.9079
469963.88 5016660.88 0.9264
469993.88 5016660.88 0.8955
470023.88 5016660.88 0.8957
470053.88 5016660.88 0.9298
470083.88 5016660.88 0.9118
470113.88 5016660.88 0.7104
470143.88 5016660.88 0.6901
470173.88 5016660.88 0.7069
469663.88 5016390.88 0.6687
470203.88 5016660.88 0.7168
470233.88 5016660.88 0.7388
470263.88 5016660.88 0.7284
470293.88 5016660.88 0.6892
470323.88 5016660.88 0.6943
470353.88 5016660.88 0.6803
470383.88 5016660.88 0.6898
470413.88 5016660.88 0.6823
470443.88 5016660.88 0.6724
470473.88 5016660.88 0.6795
469693.88 5016390.88 0.6729
470503.88 5016660.88 0.707
470533.88 5016660.88 0.7046
470563.88 5016660.88 0.718
469603.88 5016690.88 0.7672
469633.88 5016690.88 0.9339
469663.88 5016690.88 0.9513
469693.88 5016690.88 0.9595
469723.88 5016690.88 0.9866
469753.88 5016690.88 0.9769
469783.88 5016690.88 0.9801
469723.88 5016390.88 0.6738
469813.88 5016690.88 0.9813
469843.88 5016690.88 0.9852
469873.88 5016690.88 0.9862
469903.88 5016690.88 0.9884
469933.88 5016690.88 0.9941
469963.88 5016690.88 0.9913
469993.88 5016690.88 0.9787
470023.88 5016690.88 0.9806
470053.88 5016690.88 0.9783
470083.88 5016690.88 0.9816
469753.88 5016390.88 0.6737
470113.88 5016690.88 0.7948
470143.88 5016690.88 0.7064
470173.88 5016690.88 0.6996
470203.88 5016690.88 0.6905
470233.88 5016690.88 0.6909
470263.88 5016690.88 0.6872
470293.88 5016690.88 0.6949
470323.88 5016690.88 0.6914
470353.88 5016690.88 0.6853
470383.88 5016690.88 0.6932
469783.88 5016390.88 0.6819
470413.88 5016690.88 0.6838
470443.88 5016690.88 0.6723
470473.88 5016690.88 0.6938
470503.88 5016690.88 0.7036
470533.88 5016690.88 0.7011
470563.88 5016690.88 0.6989
469603.88 5016720.88 0.7286
469633.88 5016720.88 0.9744
469663.88 5016720.88 0.9798
469693.88 5016720.88 0.9925
469723.88 5016360.88 0.7248
469813.88 5016390.88 0.6728
469723.88 5016720.88 0.9879
469753.88 5016720.88 0.9863
469783.88 5016720.88 0.9837
469813.88 5016720.88 0.9817
469843.88 5016720.88 0.9829
469873.88 5016720.88 0.9864
469903.88 5016720.88 0.9893
469933.88 5016720.88 0.986
469963.88 5016720.88 0.9928
469993.88 5016720.88 0.9872
469843.88 5016390.88 0.6701
470023.88 5016720.88 0.9829
470053.88 5016720.88 0.9822
470083.88 5016720.88 0.9859
470113.88 5016720.88 0.7184
470143.88 5016720.88 0.6858
470173.88 5016720.88 0.6837
470203.88 5016720.88 0.6826
470233.88 5016720.88 0.6823
470263.88 5016720.88 0.6815
470293.88 5016720.88 0.6804
469873.88 5016390.88 0.6651
470323.88 5016720.88 0.6826
470353.88 5016720.88 0.6894
470383.88 5016720.88 0.6824
470413.88 5016720.88 0.6887
470443.88 5016720.88 0.6971
470473.88 5016720.88 0.672
470503.88 5016720.88 0.6904
470533.88 5016720.88 0.7065
470563.88 5016720.88 0.6989
469603.88 5016750.88 0.7296
469903.88 5016390.88 0.6841
469633.88 5016750.88 0.9528
469663.88 5016750.88 0.906
469693.88 5016750.88 0.9615
469723.88 5016750.88 0.9696
469753.88 5016750.88 0.971
469783.88 5016750.88 0.969
469813.88 5016750.88 0.977
469843.88 5016750.88 0.9818
469873.88 5016750.88 0.9779
469903.88 5016750.88 0.9938
469933.88 5016390.88 0.6767
469933.88 5016750.88 0.9863
469963.88 5016750.88 0.9826
469993.88 5016750.88 0.9844
470023.88 5016750.88 0.9864
470053.88 5016750.88 0.9911
470083.88 5016750.88 0.9781
470113.88 5016750.88 0.7113
470143.88 5016750.88 0.6845
470173.88 5016750.88 0.6894
470203.88 5016750.88 0.6921
469963.88 5016390.88 0.6766
470233.88 5016750.88 0.6961
470263.88 5016750.88 0.6999
470293.88 5016750.88 0.7002
470323.88 5016750.88 0.7069
470353.88 5016750.88 0.6925
470383.88 5016750.88 0.69
470413.88 5016750.88 0.6758
470443.88 5016750.88 0.6705
470473.88 5016750.88 0.6778
470503.88 5016750.88 0.6881
469993.88 5016390.88 0.675
470533.88 5016750.88 0.6982
470563.88 5016750.88 0.6901
469603.88 5016780.88 0.7178
469633.88 5016780.88 0.9739
469663.88 5016780.88 0.9544
469693.88 5016780.88 0.9546
469723.88 5016780.88 0.9806
469753.88 5016780.88 0.9569
469783.88 5016780.88 0.9633
469813.88 5016780.88 0.9714
470023.88 5016390.88 0.6738
469843.88 5016780.88 0.9797
469873.88 5016780.88 0.9908
469903.88 5016780.88 0.9816
469933.88 5016780.88 0.9769
469963.88 5016780.88 0.8312
469993.88 5016780.88 0.7488
470023.88 5016780.88 0.7662
470053.88 5016780.88 0.7987
470083.88 5016780.88 0.7213
470113.88 5016780.88 0.6916
470053.88 5016390.88 0.6823
470143.88 5016780.88 0.6998
470173.88 5016780.88 0.705
470203.88 5016780.88 0.7093
470233.88 5016780.88 0.7003
470263.88 5016780.88 0.7046
470293.88 5016780.88 0.7116
470323.88 5016780.88 0.7049
470353.88 5016780.88 0.6929
470383.88 5016780.88 0.6965
470413.88 5016780.88 0.6807
470083.88 5016390.88 0.6772
470443.88 5016780.88 0.6763
470473.88 5016780.88 0.6793
470503.88 5016780.88 0.7025
470533.88 5016780.88 0.6812
470563.88 5016780.88 0.6885
469603.88 5016810.88 0.7238
469633.88 5016810.88 0.98
469663.88 5016810.88 0.9805
469693.88 5016810.88 0.9812
469723.88 5016810.88 0.9866
469753.88 5016360.88 0.7307
470113.88 5016390.88 0.6755
469753.88 5016810.88 0.9389
469783.88 5016810.88 0.989
469813.88 5016810.88 0.9356
469843.88 5016810.88 0.9561
469873.88 5016810.88 0.9734
469903.88 5016810.88 0.9566
469933.88 5016810.88 0.8052
469963.88 5016810.88 0.6891
469993.88 5016810.88 0.6877
470023.88 5016810.88 0.7102
470143.88 5016390.88 0.674
470053.88 5016810.88 0.7138
470083.88 5016810.88 0.7127
470113.88 5016810.88 0.7076
470143.88 5016810.88 0.7107
470173.88 5016810.88 0.6996
470203.88 5016810.88 0.6934
470233.88 5016810.88 0.6997
470263.88 5016810.88 0.6819
470293.88 5016810.88 0.6828
470323.88 5016810.88 0.6811
470173.88 5016390.88 0.6842
470353.88 5016810.88 0.6821
470383.88 5016810.88 0.6913
470413.88 5016810.88 0.6811
470443.88 5016810.88 0.6754
470473.88 5016810.88 0.6818
470503.88 5016810.88 0.7034
470533.88 5016810.88 0.6771
470563.88 5016810.88 0.6827
469603.88 5016840.88 0.7034
469633.88 5016840.88 0.9605
470203.88 5016390.88 0.6821
469663.88 5016840.88 0.9283
469693.88 5016840.88 0.7586
469723.88 5016840.88 0.7047
469753.88 5016840.88 0.745
469783.88 5016840.88 0.9571
469813.88 5016840.88 0.9556
469843.88 5016840.88 0.8694
469873.88 5016840.88 0.765
469903.88 5016840.88 0.697
469933.88 5016840.88 0.6986
470233.88 5016390.88 0.6794
469963.88 5016840.88 0.6851
469993.88 5016840.88 0.6901
470023.88 5016840.88 0.7126
470053.88 5016840.88 0.7165
470083.88 5016840.88 0.7125
470113.88 5016840.88 0.7106
470143.88 5016840.88 0.6931
470173.88 5016840.88 0.6992
470203.88 5016840.88 0.6924
470233.88 5016840.88 0.6856
470263.88 5016390.88 0.6705
470263.88 5016840.88 0.6882
470293.88 5016840.88 0.6913
470323.88 5016840.88 0.6867
470353.88 5016840.88 0.6812
470383.88 5016840.88 0.6889
470413.88 5016840.88 0.6736
470443.88 5016840.88 0.6763
470473.88 5016840.88 0.6799
470503.88 5016840.88 0.7227
470533.88 5016840.88 0.6746
470293.88 5016390.88 0.6722
470563.88 5016840.88 0.6775
469603.88 5016870.88 0.7247
469633.88 5016870.88 0.702
469663.88 5016870.88 0.6827
469693.88 5016870.88 0.725
469723.88 5016870.88 0.7929
469753.88 5016870.88 0.7965
469783.88 5016870.88 0.8406
469813.88 5016870.88 0.7063
469843.88 5016870.88 0.7024
470323.88 5016390.88 0.6753
469873.88 5016870.88 0.703
469903.88 5016870.88 0.6984
469933.88 5016870.88 0.696
469963.88 5016870.88 0.6827
469993.88 5016870.88 0.6942
470023.88 5016870.88 0.7109
470053.88 5016870.88 0.7184
470083.88 5016870.88 0.7189
470113.88 5016870.88 0.7095
470143.88 5016870.88 0.6988
470353.88 5016390.88 0.6715
470173.88 5016870.88 0.7019
470203.88 5016870.88 0.6862
470233.88 5016870.88 0.6891
470263.88 5016870.88 0.6995
470293.88 5016870.88 0.702
470323.88 5016870.88 0.6854
470353.88 5016870.88 0.6839
470383.88 5016870.88 0.6871
470413.88 5016870.88 0.6785
470443.88 5016870.88 0.6706
470383.88 5016390.88 0.6741
470473.88 5016870.88 0.7
470503.88 5016870.88 0.7034
470533.88 5016870.88 0.6733
470563.88 5016870.88 0.6803
469603.88 5016900.88 0.7254
469633.88 5016900.88 0.7601
469663.88 5016900.88 0.9252
469693.88 5016900.88 0.9039
469723.88 5016900.88 0.7634
469753.88 5016900.88 0.6916
469783.88 5016360.88 0.7295
470413.88 5016390.88 0.6769
469783.88 5016900.88 0.6817
469813.88 5016900.88 0.6814
469843.88 5016900.88 0.6999
469873.88 5016900.88 0.6991
469903.88 5016900.88 0.6945
469933.88 5016900.88 0.6948
469963.88 5016900.88 0.6812
469993.88 5016900.88 0.692
470023.88 5016900.88 0.7088
470053.88 5016900.88 0.7158
470443.88 5016390.88 0.6779
470083.88 5016900.88 0.7177
470113.88 5016900.88 0.6962
470143.88 5016900.88 0.6858
470173.88 5016900.88 0.6965
470203.88 5016900.88 0.6973
470233.88 5016900.88 0.6817
470263.88 5016900.88 0.6834
470293.88 5016900.88 0.6947
470323.88 5016900.88 0.6855
470353.88 5016900.88 0.6809
470473.88 5016390.88 0.6686
470383.88 5016900.88 0.6857
470413.88 5016900.88 0.6833
470443.88 5016900.88 0.6769
470473.88 5016900.88 0.6807
470503.88 5016900.88 0.7083
470533.88 5016900.88 0.6709
470563.88 5016900.88 0.6794
469603.88 5016930.88 0.7265
469633.88 5016930.88 0.971
469663.88 5016930.88 0.9815
470503.88 5016390.88 0.6785
469693.88 5016930.88 0.821
469723.88 5016930.88 0.7066
469753.88 5016930.88 0.7202
469783.88 5016930.88 0.7087
469813.88 5016930.88 0.72
469843.88 5016930.88 0.7336
469873.88 5016930.88 0.7275
469903.88 5016930.88 0.722
469933.88 5016930.88 0.7288
469963.88 5016930.88 0.7118
470533.88 5016390.88 0.6881
469993.88 5016930.88 0.7136
470023.88 5016930.88 0.7251
470053.88 5016930.88 0.7194
470083.88 5016930.88 0.7113
470113.88 5016930.88 0.708
470143.88 5016930.88 0.7036
470173.88 5016930.88 0.7095
470203.88 5016930.88 0.7043
470233.88 5016930.88 0.7048
470263.88 5016930.88 0.7042
470563.88 5016390.88 0.6734
470293.88 5016930.88 0.7131
470323.88 5016930.88 0.6859
470353.88 5016930.88 0.6944
470383.88 5016930.88 0.6935
470413.88 5016930.88 0.6839
470443.88 5016930.88 0.6799
470473.88 5016930.88 0.7112
470503.88 5016930.88 0.6996
470533.88 5016930.88 0.6695
470563.88 5016930.88 0.6761
469603.88 5016420.88 0.6943
469603.88 5016960.88 0.7136
469633.88 5016960.88 0.9781
469663.88 5016960.88 0.9334
469693.88 5016960.88 0.7957
469723.88 5016960.88 0.7844
469753.88 5016960.88 0.8864
469783.88 5016960.88 0.7941
469813.88 5016960.88 0.7397
469843.88 5016960.88 0.7403
469873.88 5016960.88 0.74
469633.88 5016420.88 0.6718
469903.88 5016960.88 0.7335
469933.88 5016960.88 0.7409
469963.88 5016960.88 0.7295
469993.88 5016960.88 0.7471
470023.88 5016960.88 0.7725
470053.88 5016960.88 0.7668
470083.88 5016960.88 0.7425
470113.88 5016960.88 0.7344
470143.88 5016960.88 0.7265
470173.88 5016960.88 0.7406
469663.88 5016420.88 0.6749
470203.88 5016960.88 0.7472
470233.88 5016960.88 0.7671
470263.88 5016960.88 0.7664
470293.88 5016960.88 0.7733
470323.88 5016960.88 0.7523
470353.88 5016960.88 0.7541
470383.88 5016960.88 0.7476
470413.88 5016960.88 0.795
470443.88 5016960.88 0.8249
470473.88 5016960.88 0.8407
469693.88 5016420.88 0.6692
470503.88 5016960.88 0.8234
470533.88 5016960.88 0.7051
470563.88 5016960.88 0.7303
469603.88 5016990.88 0.7884
469633.88 5016990.88 0.9836
469663.88 5016990.88 0.7588
469693.88 5016990.88 0.6825
469723.88 5016990.88 0.8653
469753.88 5016990.88 0.9173
469783.88 5016990.88 0.9016
469813.88 5016360.88 0.7205
469723.88 5016420.88 0.6799
469813.88 5016990.88 0.9092
469843.88 5016990.88 0.7814
469873.88 5016990.88 0.6975
469903.88 5016990.88 0.6934
469933.88 5016990.88 0.6914
469963.88 5016990.88 0.6911
469993.88 5016990.88 0.6996
470023.88 5016990.88 0.7135
470053.88 5016990.88 0.7115
470083.88 5016990.88 0.6858
469753.88 5016420.88 0.7013
470113.88 5016990.88 0.6775
470143.88 5016990.88 0.6734
470173.88 5016990.88 0.6733
470203.88 5016990.88 0.6716
470233.88 5016990.88 0.6745
470263.88 5016990.88 0.6771
470293.88 5016990.88 0.6857
470323.88 5016990.88 0.6794
470353.88 5016990.88 0.6798
470383.88 5016990.88 0.681
469783.88 5016420.88 0.6819
470413.88 5016990.88 0.7015
470443.88 5016990.88 0.703
470473.88 5016990.88 0.7212
470503.88 5016990.88 0.7085
470533.88 5016990.88 0.6743
470563.88 5016990.88 0.6908
469603.88 5017020.88 0.7223
469633.88 5017020.88 0.9773
469663.88 5017020.88 0.8193
469693.88 5017020.88 0.817
469813.88 5016420.88 0.703
469723.88 5017020.88 0.8344
469753.88 5017020.88 0.764
469783.88 5017020.88 0.9075
469813.88 5017020.88 0.8571
469843.88 5017020.88 0.8024
469873.88 5017020.88 0.8475
469903.88 5017020.88 0.7676
469933.88 5017020.88 0.7032
469963.88 5017020.88 0.6975
469993.88 5017020.88 0.702
469843.88 5016420.88 0.7218
470023.88 5017020.88 0.7227
470053.88 5017020.88 0.7147
470083.88 5017020.88 0.6938
470113.88 5017020.88 0.681
470143.88 5017020.88 0.6779
470173.88 5017020.88 0.6709
470203.88 5017020.88 0.6724
470233.88 5017020.88 0.6723
470263.88 5017020.88 0.6759
470293.88 5017020.88 0.6905
469873.88 5016420.88 0.6959
470323.88 5017020.88 0.6994
470353.88 5017020.88 0.686
470383.88 5017020.88 0.6865
470413.88 5017020.88 0.7046
470443.88 5017020.88 0.7081
470473.88 5017020.88 0.7156
470503.88 5017020.88 0.6893
470533.88 5017020.88 0.6682
470563.88 5017020.88 0.6761
469603.88 5017050.88 0.6949
469903.88 5016420.88 0.6872
469633.88 5017050.88 0.9535
469663.88 5017050.88 0.7873
469693.88 5017050.88 0.7027
469723.88 5017050.88 0.6923
469753.88 5017050.88 0.9207
469783.88 5017050.88 0.9493
469813.88 5017050.88 0.895
469843.88 5017050.88 0.95
469873.88 5017050.88 0.9748
469903.88 5017050.88 0.9684
469933.88 5016420.88 0.7115
469933.88 5017050.88 0.7946
469963.88 5017050.88 0.7024
469993.88 5017050.88 0.7006
470023.88 5017050.88 0.7177
470053.88 5017050.88 0.7165
470083.88 5017050.88 0.6921
470113.88 5017050.88 0.6914
470143.88 5017050.88 0.6779
470173.88 5017050.88 0.6764
470203.88 5017050.88 0.6793
469963.88 5016420.88 0.702
470233.88 5017050.88 0.6772
470263.88 5017050.88 0.6883
470293.88 5017050.88 0.6979
470323.88 5017050.88 0.7077
470353.88 5017050.88 0.7024
470383.88 5017050.88 0.7074
470413.88 5017050.88 0.722
470443.88 5017050.88 0.7245
470473.88 5017050.88 0.7286
470503.88 5017050.88 0.7061
469993.88 5016420.88 0.6935
470533.88 5017050.88 0.6775
470563.88 5017050.88 0.6919
469603.88 5017080.88 0.7191
469633.88 5017080.88 0.8499
469663.88 5017080.88 0.6767
469693.88 5017080.88 0.6879
469723.88 5017080.88 0.8921
469753.88 5017080.88 0.8523
469783.88 5017080.88 0.9668
469813.88 5017080.88 0.9781
469843.88 5016360.88 0.7139
470023.88 5016420.88 0.6915
469843.88 5017080.88 0.9763
469873.88 5017080.88 0.9493
469903.88 5017080.88 0.7416
469933.88 5017080.88 0.6957
469963.88 5017080.88 0.7027
469993.88 5017080.88 0.702
470023.88 5017080.88 0.7115
470053.88 5017080.88 0.7119
470083.88 5017080.88 0.6938
470113.88 5017080.88 0.7007
470053.88 5016420.88 0.6923
470143.88 5017080.88 0.676
470173.88 5017080.88 0.6791
470203.88 5017080.88 0.6773
470233.88 5017080.88 0.6729
470263.88 5017080.88 0.6934
470293.88 5017080.88 0.7111
470323.88 5017080.88 0.7203
470353.88 5017080.88 0.7062
470383.88 5017080.88 0.7093
470413.88 5017080.88 0.7282
470083.88 5016420.88 0.6856
470443.88 5017080.88 0.7256
470473.88 5017080.88 0.7342
470503.88 5017080.88 0.7129
470533.88 5017080.88 0.6784
470563.88 5017080.88 0.6957
469603.88 5017110.88 0.7303
469633.88 5017110.88 0.8328
469663.88 5017110.88 0.6757
469693.88 5017110.88 0.8736
469723.88 5017110.88 0.9626
470113.88 5016420.88 0.6839
469753.88 5017110.88 0.8654
469783.88 5017110.88 0.9288
469813.88 5017110.88 0.9676
469843.88 5017110.88 0.8773
469873.88 5017110.88 0.7548
469903.88 5017110.88 0.6876
469933.88 5017110.88 0.6883
469963.88 5017110.88 0.6997
469993.88 5017110.88 0.6976
470023.88 5017110.88 0.7078
470143.88 5016420.88 0.7092
470053.88 5017110.88 0.7087
470083.88 5017110.88 0.6894
470113.88 5017110.88 0.6891
470143.88 5017110.88 0.6741
470173.88 5017110.88 0.6829
470203.88 5017110.88 0.6744
470233.88 5017110.88 0.6731
470263.88 5017110.88 0.6883
470293.88 5017110.88 0.7201
470323.88 5017110.88 0.742
470173.88 5016420.88 0.695
470353.88 5017110.88 0.7186
470383.88 5017110.88 0.7138
470413.88 5017110.88 0.7097
470443.88 5017110.88 0.7023
470473.88 5017110.88 0.7062
470503.88 5017110.88 0.7134
470533.88 5017110.88 0.6804
470563.88 5017110.88 0.7009
469603.88 5017140.88 0.7295
469633.88 5017140.88 0.6923
470203.88 5016420.88 0.6869
469663.88 5017140.88 0.686
469693.88 5017140.88 0.8
469723.88 5017140.88 0.8763
469753.88 5017140.88 0.8845
469783.88 5017140.88 0.9336
469813.88 5017140.88 0.8226
469843.88 5017140.88 0.6886
469873.88 5017140.88 0.6894
469903.88 5017140.88 0.6787
469933.88 5017140.88 0.6792
470233.88 5016420.88 0.6881
469963.88 5017140.88 0.685
469993.88 5017140.88 0.6784
470023.88 5017140.88 0.6719
470053.88 5017140.88 0.6713
470083.88 5017140.88 0.672
470113.88 5017140.88 0.6703
470143.88 5017140.88 0.6688
470173.88 5017140.88 0.6682
470203.88 5017140.88 0.6697
470233.88 5017140.88 0.6661
470263.88 5016420.88 0.6938
470263.88 5017140.88 0.6714
470293.88 5017140.88 0.6877
470323.88 5017140.88 0.7101
470353.88 5017140.88 0.6948
470383.88 5017140.88 0.6845
470413.88 5017140.88 0.668
470443.88 5017140.88 0.6656
470473.88 5017140.88 0.6695
470503.88 5017140.88 0.6849
470533.88 5017140.88 0.6715
470293.88 5016420.88 0.6914
470563.88 5017140.88 0.6845
469603.88 5017170.88 0.7144
469633.88 5017170.88 0.9124
469663.88 5017170.88 0.7046
469693.88 5017170.88 0.7484
469723.88 5017170.88 0.9322
469753.88 5017170.88 0.8824
469783.88 5017170.88 0.775
469813.88 5017170.88 0.6997
469843.88 5017170.88 0.693
469873.88 5016360.88 0.7161
470323.88 5016420.88 0.6895
469873.88 5017170.88 0.7019
469903.88 5017170.88 0.708
469933.88 5017170.88 0.7061
469963.88 5017170.88 0.72
469993.88 5017170.88 0.7013
470023.88 5017170.88 0.6916
470053.88 5017170.88 0.6886
470083.88 5017170.88 0.6927
470113.88 5017170.88 0.6977
470143.88 5017170.88 0.6766
470353.88 5016420.88 0.6967
470173.88 5017170.88 0.6789
470203.88 5017170.88 0.6775
470233.88 5017170.88 0.6726
470263.88 5017170.88 0.7476
470293.88 5017170.88 0.7985
470323.88 5017170.88 0.7626
470353.88 5017170.88 0.7112
470383.88 5017170.88 0.6963
470413.88 5017170.88 0.6688
470443.88 5017170.88 0.6657
470383.88 5016420.88 0.6975
470473.88 5017170.88 0.6722
470503.88 5017170.88 0.6924
470533.88 5017170.88 0.6752
470563.88 5017170.88 0.6978
469603.88 5017200.88 0.7238
469633.88 5017200.88 0.8462
469663.88 5017200.88 0.8097
469693.88 5017200.88 0.6936
469723.88 5017200.88 0.8195
469753.88 5017200.88 0.6807
470413.88 5016420.88 0.7004
469783.88 5017200.88 0.6872
469813.88 5017200.88 0.7015
469843.88 5017200.88 0.6961
469873.88 5017200.88 0.7039
469903.88 5017200.88 0.7109
469933.88 5017200.88 0.715
469963.88 5017200.88 0.7197
469993.88 5017200.88 0.7012
470023.88 5017200.88 0.6931
470053.88 5017200.88 0.6901
470443.88 5016420.88 0.7168
470083.88 5017200.88 0.6975
470113.88 5017200.88 0.703
470143.88 5017200.88 0.6855
470173.88 5017200.88 0.685
470203.88 5017200.88 0.6804
470233.88 5017200.88 0.6912
470263.88 5017200.88 0.7881
470293.88 5017200.88 0.7219
470323.88 5017200.88 0.7151
470353.88 5017200.88 0.7019
470473.88 5016420.88 0.6974
470383.88 5017200.88 0.6989
470413.88 5017200.88 0.6764
470443.88 5017200.88 0.6672
470473.88 5017200.88 0.6751
470503.88 5017200.88 0.719
470533.88 5017200.88 0.7386
470563.88 5017200.88 0.7612
469603.88 5017230.88 0.7661
469633.88 5017230.88 0.7027
469663.88 5017230.88 0.7313
470503.88 5016420.88 0.7246
469693.88 5017230.88 0.6746
469723.88 5017230.88 0.7063
469753.88 5017230.88 0.6825
469783.88 5017230.88 0.6858
469813.88 5017230.88 0.7029
469843.88 5017230.88 0.6946
469873.88 5017230.88 0.7045
469903.88 5017230.88 0.7094
469933.88 5017230.88 0.7154
469963.88 5017230.88 0.7255
470533.88 5016420.88 0.8091
469993.88 5017230.88 0.6999
470023.88 5017230.88 0.6935
470053.88 5017230.88 0.6926
470083.88 5017230.88 0.7022
470113.88 5017230.88 0.7176
470143.88 5017230.88 0.6972
470173.88 5017230.88 0.6934
470203.88 5017230.88 0.6933
470233.88 5017230.88 0.6926
470263.88 5017230.88 0.7547
470563.88 5016420.88 0.6942
470293.88 5017230.88 0.7792
470323.88 5017230.88 0.7292
470353.88 5017230.88 0.6981
470383.88 5017230.88 0.6874
470413.88 5017230.88 0.6855
470443.88 5017230.88 0.6668
470473.88 5017230.88 0.6723
470503.88 5017230.88 0.7217
470533.88 5017230.88 0.7469
470563.88 5017230.88 0.735
469603.88 5016450.88 0.7336
469603.88 5017260.88 0.7593
469633.88 5017260.88 0.7022
469663.88 5017260.88 0.7126
469693.88 5017260.88 0.7063
469723.88 5017260.88 0.6861
469753.88 5017260.88 0.6792
469783.88 5017260.88 0.6837
469813.88 5017260.88 0.6989
469843.88 5017260.88 0.6922
469873.88 5017260.88 0.7018
