469633.865 5016363.120000001 4.87
469903.865 5016362.48 1.48
469634.08499999996 5016450.870000001 0.10
469903.87499999994 5017260.870000001 4.34
469933.87499999994 5017260.870000001 3.47
469963.865 5017260.870000001 4.74
469993.87499999994 5017260.870000001 7.49
470023.87499999994 5017260.870000001 7.41
470053.88499999995 5017260.870000001 4.95
470083.87499999994 5017260.870000001 3.59
470113.87499999994 5017260.880000001 1.67
470143.87499999994 5017260.870000001 1.71
470173.87499999994 5017260.870000001 2.50
469663.865 5016450.870000001 0.99
470203.87499999994 5017260.870000001 4.43
470233.88499999995 5017260.870000001 6.53
470263.87499999994 5017260.870000001 1.09
470293.87499999994 5017260.880000001 0.30
470323.865 5017260.870000001 1.87
470353.87499999994 5017260.870000001 3.02
470383.865 5017260.870000001 12.29
470413.87499999994 5017260.870000001 9.91
470443.87499999994 5017260.870000001 7.49
470473.87499999994 5017260.870000001 3.20
469693.87499999994 5016450.870000001 0.53
470503.87499999994 5017260.870000001 2.36
470533.865 5017260.870000001 1.16
470563.87499999994 5017260.870000001 2.62
470591.035 5017260.870000001 2.65
469636.115 5017290.870000001 1.24
469663.87499999994 5017290.870000001 0.58
469693.87499999994 5017290.870000001 1.41
469723.87499999994 5017290.870000001 5.19
469753.87499999994 5017290.870000001 2.94
469783.87499999994 5017290.870000001 4.29
469723.87499999994 5016450.870000001 1.95
469813.87499999994 5017290.870000001 20.45
469843.87499999994 5017290.870000001 14.51
469873.87499999994 5017290.870000001 16.31
469903.87499999994 5017290.870000001 15.23
469933.865 5017290.870000001 12.72
469963.87499999994 5017290.870000001 8.58
469993.87499999994 5017290.870000001 7.05
470023.87499999994 5017290.870000001 9.76
470053.87499999994 5017290.870000001 3.78
470083.87499999994 5017290.870000001 2.26
469753.87499999994 5016450.870000001 0.69
470113.87499999994 5017290.870000001 1.23
470143.87499999994 5017290.870000001 0.98
470173.865 5017290.870000001 2.73
470203.87499999994 5017290.870000001 0.76
470233.87499999994 5017290.870000001 2.81
470263.87499999994 5017290.870000001 7.07
470293.87499999994 5017290.870000001 1.36
470323.87499999994 5017290.870000001 0.85
470353.865 5017290.870000001 0.29
470383.87499999994 5017290.870000001 5.20
469783.87499999994 5016450.870000001 0.48
470413.87499999994 5017290.870000001 8.43
470443.87499999994 5017290.870000001 11.14
470473.87499999994 5017290.870000001 2.51
470503.87499999994 5017290.880000001 1.70
470533.87499999994 5017290.870000001 2.40
470563.865 5017290.870000001 2.83
470591.105 5017290.880000001 2.55
469636.19499999995 5017320.870000001 0.49
469663.87499999994 5017320.870000001 1.11
469693.87499999994 5017320.870000001 1.02
469813.87499999994 5016450.870000001 2.88
469723.87499999994 5017320.870000001 2.80
469753.87499999994 5017320.870000001 7.10
469783.865 5017320.870000001 7.20
469813.87499999994 5017320.870000001 10.31
469843.87499999994 5017320.880000001 10.76
469873.87499999994 5017320.870000001 7.97
469903.87499999994 5017320.870000001 10.13
469933.87499999994 5017320.870000001 4.07
469963.865 5017320.870000001 3.40
469993.87499999994 5017320.870000001 11.77
469843.87499999994 5016450.870000001 5.77
470023.87499999994 5017320.9 15.60
470053.87499999994 5017320.870000001 16.24
470083.87499999994 5017320.870000001 5.24
470113.87499999994 5017320.870000001 9.74
470143.88499999995 5017320.870000001 1.83
470173.87499999994 5017320.870000001 1.13
470203.87499999994 5017320.870000001 1.52
470233.87499999994 5017320.870000001 4.46
470263.87499999994 5017320.870000001 5.16
470293.87499999994 5017320.880000001 1.18
469873.87499999994 5016450.870000001 3.28
470323.87499999994 5017320.870000001 3.47
470353.87499999994 5017320.880000001 1.96
470383.87499999994 5017320.880000001 2.56
470413.87499999994 5017320.870000001 6.51
470443.87499999994 5017320.870000001 19.53
470473.87499999994 5017320.870000001 24.64
470503.87499999994 5017320.870000001 1.74
470533.87499999994 5017320.880000001 14.39
470563.88499999995 5017320.870000001 15.86
470591.18499999994 5017320.870000001 21.13
469903.87499999994 5016450.870000001 2.77
469636.245 5017350.870000001 0.57
469663.87499999994 5017350.870000001 2.20
469693.87499999994 5017350.870000001 1.06
469723.87499999994 5017350.870000001 1.04
469753.87499999994 5017350.870000001 9.57
469783.87499999994 5017350.870000001 16.43
469813.87499999994 5017350.870000001 17.21
469843.87499999994 5017350.870000001 12.27
469873.88499999995 5017350.870000001 12.19
469903.87499999994 5017350.870000001 126.65
469933.87499999994 5016362.41 4.62
469933.87499999994 5016450.880000001 1.91
469933.87499999994 5017350.870000001 33.73
469963.87499999994 5017350.870000001 6.25
469993.87499999994 5017350.870000001 21.34
470023.87499999994 5017350.870000001 10.97
470053.87499999994 5017350.870000001 7.71
470083.87499999994 5017350.870000001 39.48
470113.87499999994 5017350.870000001 0.98
470143.87499999994 5017350.870000001 5.68
470173.87499999994 5017350.880000001 3.13
470203.87499999994 5017350.870000001 2.04
469963.87499999994 5016450.870000001 4.79
470233.87499999994 5017350.870000001 4.29
470263.87499999994 5017350.870000001 2.20
470293.87499999994 5017350.870000001 1.34
470323.87499999994 5017350.870000001 7.92
470353.865 5017350.870000001 13.07
470383.87499999994 5017350.870000001 1.69
470413.87499999994 5017350.870000001 10.61
470443.87499999994 5017350.870000001 5.27
470473.87499999994 5017350.870000001 9.63
470503.87499999994 5017350.870000001 2.77
469993.865 5016450.870000001 5.62
470533.87499999994 5017350.870000001 7.95
470563.87499999994 5017350.870000001 39.72
470591.25499999995 5017350.870000001 3.17
469636.32499999995 5017380.870000001 1.05
469663.87499999994 5017380.870000001 1.22
469693.87499999994 5017380.870000001 1.03
469723.87499999994 5017380.880000001 1.93
469753.87499999994 5017380.870000001 7.36
469783.87499999994 5017380.870000001 5.67
469813.87499999994 5017380.870000001 25.14
470023.87499999994 5016450.870000001 5.76
469843.865 5017380.870000001 14.17
469873.87499999994 5017380.870000001 20.84
469903.87499999994 5017380.870000001 5.01
469933.87499999994 5017380.870000001 20.97
469963.87499999994 5017380.870000001 6.02
469993.87499999994 5017380.870000001 3.93
470023.87499999994 5017380.870000001 2.32
470053.865 5017380.870000001 10.86
470083.87499999994 5017380.870000001 39.22
470113.87499999994 5017380.870000001 1.65
470053.87499999994 5016450.870000001 16.81
470143.87499999994 5017380.870000001 25.16
470173.87499999994 5017380.870000001 2.26
470203.87499999994 5017380.870000001 1.38
470233.87499999994 5017380.870000001 1.36
470263.865 5017380.870000001 2.12
470293.87499999994 5017380.870000001 0.63
470323.87499999994 5017380.870000001 4.94
470353.87499999994 5017380.870000001 34.82
470383.87499999994 5017380.880000001 18.33
470413.87499999994 5017380.870000001 1.73
470083.87499999994 5016450.870000001 1.19
470443.87499999994 5017380.870000001 0.82
470473.87499999994 5017380.870000001 14.42
470503.87499999994 5017380.870000001 2.37
470533.87499999994 5017380.870000001 1.35
470563.87499999994 5017380.86 0.39
470591.31499999994 5017380.870000001 1.67
469636.39499999996 5017410.870000001 1.54
469663.87499999994 5017410.870000001 0.46
469693.87499999994 5017410.870000001 1.11
469723.87499999994 5017410.870000001 2.64
470113.87499999994 5016450.870000001 14.65
469753.87499999994 5017410.870000001 1.40
469783.87499999994 5017410.870000001 27.73
469813.87499999994 5017410.870000001 29.41
469843.87499999994 5017410.870000001 3.66
469873.87499999994 5017410.870000001 7.31
469903.87499999994 5017410.880000001 17.15
469933.87499999994 5017410.870000001 6.08
469963.87499999994 5017410.870000001 12.41
469993.87499999994 5017410.870000001 2.58
470023.87499999994 5017410.870000001 2.55
470143.87499999994 5016450.870000001 3.25
470053.87499999994 5017410.870000001 13.74
470083.87499999994 5017410.870000001 2.28
470113.88499999995 5017410.870000001 1.78
470143.87499999994 5017410.870000001 2.74
470173.87499999994 5017410.870000001 1.52
470203.88499999995 5017410.870000001 2.66
470233.87499999994 5017410.870000001 8.98
470263.87499999994 5017410.870000001 3.40
470293.87499999994 5017410.870000001 5.05
470323.87499999994 5017410.870000001 45.23
470173.87499999994 5016450.870000001 11.28
470353.87499999994 5017410.870000001 2.78
470383.87499999994 5017410.870000001 4.08
470413.87499999994 5017410.870000001 1.40
470443.87499999994 5017410.870000001 0.92
470473.87499999994 5017410.870000001 7.00
470503.87499999994 5017410.870000001 3.84
470533.87499999994 5017410.870000001 6.94
470563.87499999994 5017410.880000001 20.07
470591.39499999996 5017410.880000001 6.56
469636.45499999996 5017440.870000001 0.89
470203.87499999994 5016450.870000001 18.34
469663.87499999994 5017440.870000001 0.52
469693.87499999994 5017440.870000001 1.11
469723.87499999994 5017440.870000001 0.49
469753.87499999994 5017440.870000001 1.34
469783.87499999994 5017440.870000001 0.65
469813.87499999994 5017440.880000001 1.04
469843.87499999994 5017440.870000001 0.97
469873.87499999994 5017440.870000001 1.96
469903.87499999994 5017440.870000001 0.93
469933.88499999995 5017440.870000001 1.89
469963.87499999994 5016362.340000001 29.40
470233.865 5016450.870000001 12.93
469963.865 5017440.870000001 1.94
469993.87499999994 5017440.870000001 2.96
470023.865 5017440.880000001 2.06
470053.87499999994 5017440.870000001 5.44
470083.87499999994 5017440.870000001 0.89
470113.87499999994 5017440.870000001 0.67
470143.87499999994 5017440.870000001 5.24
470173.87499999994 5017440.870000001 0.64
470203.87499999994 5017440.870000001 1.79
470233.87499999994 5017440.870000001 3.57
470263.87499999994 5016450.870000001 8.02
470263.87499999994 5017440.86 5.62
470293.87499999994 5017440.870000001 3.30
470323.88499999995 5017440.870000001 2.79
470353.87499999994 5017440.870000001 3.05
470383.87499999994 5017440.880000001 6.62
470413.87499999994 5017440.870000001 8.38
470443.87499999994 5017440.870000001 1.98
470473.87499999994 5017440.870000001 3.06
470503.865 5017440.870000001 10.16
470533.87499999994 5017440.870000001 2.62
470293.87499999994 5016450.870000001 19.29
470563.87499999994 5017440.870000001 6.55
470591.44499999995 5017440.870000001 44.93
469636.555 5017470.870000001 0.92
469663.87499999994 5017470.870000001 1.45
469693.87499999994 5017470.870000001 0.55
469723.87499999994 5017470.870000001 1.03
469753.87499999994 5017470.870000001 0.81
469783.87499999994 5017470.870000001 1.31
469813.87499999994 5017470.870000001 0.41
469843.87499999994 5017470.870000001 1.07
470323.87499999994 5016450.870000001 15.53
469873.865 5017470.870000001 0.75
469903.87499999994 5017470.870000001 0.88
469933.87499999994 5017470.880000001 1.26
469963.865 5017470.870000001 1.64
469993.87499999994 5017470.870000001 1.13
470023.87499999994 5017470.870000001 1.36
470053.87499999994 5017470.880000001 0.88
470083.87499999994 5017470.870000001 1.82
470113.87499999994 5017470.870000001 1.03
470143.87499999994 5017470.870000001 1.43
470353.87499999994 5016450.870000001 16.56
470173.87499999994 5017470.870000001 1.43
470203.87499999994 5017470.870000001 2.04
470233.87499999994 5017470.870000001 1.62
470263.87499999994 5017470.870000001 1.17
470293.87499999994 5017470.870000001 4.38
470323.87499999994 5017470.870000001 2.38
470353.87499999994 5017470.870000001 9.23
470383.87499999994 5017470.870000001 4.26
470413.87499999994 5017470.870000001 0.87
470443.87499999994 5017470.870000001 1.02
470383.87499999994 5016450.870000001 3.74
470473.87499999994 5017470.870000001 0.54
470503.87499999994 5017470.870000001 2.86
470533.87499999994 5017470.870000001 2.34
470563.87499999994 5017470.870000001 7.00
470591.495 5017470.870000001 3.52
469636.615 5017500.880000001 1.51
469663.87499999994 5017500.870000001 1.48
469693.87499999994 5017500.880000001 0.83
469723.87499999994 5017500.870000001 0.58
469753.87499999994 5017500.870000001 1.20
470413.87499999994 5016450.870000001 13.01
469783.87499999994 5017500.870000001 2.54
469813.87499999994 5017500.870000001 1.05
469843.87499999994 5017500.870000001 1.90
469873.87499999994 5017500.870000001 0.72
469903.87499999994 5017500.870000001 1.08
469933.87499999994 5017500.870000001 1.33
469963.87499999994 5017500.880000001 0.96
469993.87499999994 5017500.870000001 1.05
470023.87499999994 5017500.870000001 1.18
470053.87499999994 5017500.880000001 0.62
470443.87499999994 5016450.870000001 10.56
470083.87499999994 5017500.880000001 1.56
470113.87499999994 5017500.870000001 0.57
470143.87499999994 5017500.870000001 1.93
470173.87499999994 5017500.870000001 1.80
470203.865 5017500.870000001 3.55
470233.87499999994 5017500.870000001 10.40
470263.87499999994 5017500.870000001 0.55
470293.87499999994 5017500.870000001 2.55
470323.87499999994 5017500.870000001 1.12
470353.87499999994 5017500.870000001 2.79
470473.87499999994 5016450.870000001 1.51
470383.87499999994 5017500.870000001 6.01
470413.865 5017500.870000001 1.66
470443.87499999994 5017500.870000001 0.46
470473.87499999994 5017500.870000001 2.57
470503.865 5017500.870000001 1.82
470533.87499999994 5017500.870000001 1.52
470563.87499999994 5017500.86 4.74
470591.605 5017500.870000001 8.63
469636.675 5017530.870000001 5.22
469663.87499999994 5017530.870000001 12.08
470503.87499999994 5016450.870000001 1.12
469693.87499999994 5017530.870000001 4.89
469723.87499999994 5017530.870000001 2.06
469753.87499999994 5017530.870000001 2.61
469783.87499999994 5017530.7700000005 1.63
469813.87499999994 5017530.540000001 1.20
469843.87499999994 5017530.3100000005 2.99
469873.87499999994 5017530.0600000005 8.65
469903.87499999994 5017529.800000001 3.78
469933.87499999994 5017529.57 1.76
469963.87499999994 5017529.340000001 3.09
469993.865 5016362.28 3.78
470533.87499999994 5016450.870000001 1.59
469993.87499999994 5017529.100000001 2.37
470023.87499999994 5017528.850000001 1.81
470053.87499999994 5017528.61 1.79
470083.87499999994 5017528.36 3.24
470113.88499999995 5017528.470000001 1.41
470143.87499999994 5017529.290000001 1.32
470173.87499999994 5017530.0600000005 1.89
470203.87499999994 5017530.82 6.26
470233.87499999994 5017530.870000001 43.25
470263.87499999994 5017530.870000001 27.11
470563.865 5016450.870000001 1.92
470293.87499999994 5017530.870000001 10.19
470323.87499999994 5017530.870000001 3.59
470353.87499999994 5017530.870000001 3.13
470383.87499999994 5017530.870000001 3.58
470413.87499999994 5017530.870000001 0.49
470443.87499999994 5017530.870000001 1.32
470473.87499999994 5017530.870000001 3.09
470503.87499999994 5017530.870000001 4.65
470533.87499999994 5017530.870000001 1.33
470563.87499999994 5017530.880000001 2.94
470589.165 5016450.870000001 3.18
470591.675 5017530.870000001 2.92
469636.745 5017546.930000001 3.13
469663.96499999997 5017546.720000001 5.87
469693.665 5017546.49 4.67
469723.865 5017546.210000001 0.00
469747.07499999995 5017546.0200000005 0.00
469634.175 5016480.870000001 0.87
469663.87499999994 5016480.870000001 1.18
470234.50499999995 5017546.65 4.03
470263.915 5017547.41 3.62
470293.87499999994 5017548.16 9.76
470323.855 5017548.95 7.28
470353.89499999996 5017549.750000001 10.25
470383.865 5017550.550000001 2.80
470413.88499999995 5017551.330000001 0.59
470443.87499999994 5017552.11 1.53
470473.87499999994 5017552.890000001 2.19
469693.87499999994 5016480.870000001 1.49
470503.87499999994 5017553.090000001 3.52
470533.87499999994 5017554.49 6.58
470563.87499999994 5017555.24 5.19
470591.71499999997 5017555.890000001 4.89
469723.87499999994 5016480.870000001 1.70
469753.865 5016480.870000001 0.67
469783.87499999994 5016480.870000001 3.41
469813.87499999994 5016480.870000001 1.09
470023.87499999994 5016362.2 5.66
469843.87499999994 5016480.870000001 2.88
469873.87499999994 5016480.870000001 1.56
469903.87499999994 5016480.870000001 54.44
469933.87499999994 5016480.870000001 1.87
469963.87499999994 5016480.870000001 9.07
469993.87499999994 5016480.870000001 4.81
470023.87499999994 5016480.870000001 46.70
470053.88499999995 5016480.870000001 5.39
470083.87499999994 5016480.870000001 2.27
470113.88499999995 5016480.870000001 6.75
470053.865 5016362.140000001 10.32
470143.87499999994 5016480.870000001 2.41
470173.865 5016480.870000001 6.47
470203.87499999994 5016480.870000001 7.19
470233.87499999994 5016480.870000001 12.60
470263.87499999994 5016480.870000001 19.32
470293.87499999994 5016480.870000001 4.73
470323.87499999994 5016480.870000001 7.87
470353.87499999994 5016480.870000001 3.89
470383.865 5016480.880000001 2.78
470413.87499999994 5016480.870000001 1.85
470083.87499999994 5016362.07 3.93
470443.87499999994 5016480.870000001 9.20
470473.87499999994 5016480.870000001 3.05
470503.87499999994 5016480.870000001 2.53
470533.865 5016480.870000001 1.94
470563.88499999995 5016480.870000001 3.47
470589.21499999997 5016480.870000001 0.93
469634.235 5016510.870000001 1.33
469663.87499999994 5016510.870000001 1.12
469693.87499999994 5016510.870000001 2.08
469723.87499999994 5016510.870000001 2.72
470113.87499999994 5016361.99 7.80
469753.88499999995 5016510.870000001 32.45
469783.87499999994 5016510.870000001 10.14
469813.87499999994 5016510.870000001 4.79
469843.87499999994 5016510.870000001 1.91
469873.87499999994 5016510.870000001 6.53
469903.87499999994 5016510.870000001 2.82
469933.87499999994 5016510.870000001 16.50
469963.865 5016510.870000001 2.11
469993.87499999994 5016510.870000001 5.08
470023.87499999994 5016510.86 2.45
470143.865 5016361.930000001 8.37
470053.87499999994 5016510.870000001 2.25
470083.87499999994 5016510.870000001 6.91
470113.87499999994 5016510.870000001 19.25
470143.87499999994 5016510.870000001 27.96
470173.87499999994 5016510.870000001 6.19
470203.87499999994 5016510.870000001 5.93
470233.87499999994 5016510.870000001 3.47
470263.88499999995 5016510.870000001 25.38
470293.87499999994 5016510.870000001 10.43
470323.87499999994 5016510.870000001 9.11
470173.87499999994 5016361.850000001 6.87
470353.87499999994 5016510.870000001 7.09
470383.87499999994 5016510.870000001 2.51
470413.865 5016510.870000001 9.89
470443.87499999994 5016510.870000001 3.60
470473.87499999994 5016510.880000001 5.77
470503.87499999994 5016510.870000001 2.91
470533.865 5016510.880000001 1.08
470563.865 5016510.880000001 3.78
470589.32499999995 5016510.870000001 2.09
469634.31499999994 5016540.870000001 4.60
469663.87499999994 5016363.050000001 0.68
470203.87499999994 5016361.78 5.45
469663.87499999994 5016540.870000001 1.12
469693.87499999994 5016540.870000001 1.70
469723.87499999994 5016540.870000001 4.41
469753.87499999994 5016540.870000001 2.14
469783.87499999994 5016540.870000001 1.99
469813.87499999994 5016540.870000001 2.63
469843.87499999994 5016540.870000001 1.67
469873.87499999994 5016540.870000001 2.49
469903.87499999994 5016540.870000001 5.26
469933.87499999994 5016540.870000001 2.60
470233.87499999994 5016361.710000001 5.15
469963.87499999994 5016540.870000001 2.49
469993.87499999994 5016540.880000001 0.89
470023.87499999994 5016540.870000001 5.15
470053.87499999994 5016540.880000001 3.88
470083.87499999994 5016540.870000001 13.48
470113.87499999994 5016540.870000001 10.34
470143.87499999994 5016540.870000001 13.57
470173.87499999994 5016540.870000001 19.80
470203.87499999994 5016540.870000001 3.15
470233.87499999994 5016540.870000001 6.49
470263.87499999994 5016361.65 11.01
470263.88499999995 5016540.870000001 6.47
470293.87499999994 5016540.870000001 2.39
470323.865 5016540.870000001 5.29
470353.87499999994 5016540.870000001 5.41
470383.87499999994 5016540.870000001 50.52
470413.87499999994 5016540.870000001 11.51
470443.87499999994 5016540.870000001 6.68
470473.87499999994 5016540.870000001 3.40
470503.865 5016540.870000001 2.15
470533.87499999994 5016540.880000001 2.10
470293.87499999994 5016361.57 8.53
470563.87499999994 5016540.850000001 3.85
470589.32499999995 5016540.870000001 10.74
469634.37499999994 5016570.870000001 2.97
469663.87499999994 5016570.870000001 2.55
469693.87499999994 5016570.870000001 1.76
469723.87499999994 5016570.870000001 3.64
469753.87499999994 5016570.870000001 4.44
469783.87499999994 5016570.870000001 18.96
469813.87499999994 5016570.870000001 3.70
469843.87499999994 5016570.870000001 3.11
470323.865 5016361.510000001 56.25
469873.87499999994 5016570.870000001 4.93
469903.87499999994 5016570.870000001 4.77
469933.87499999994 5016570.870000001 4.66
469963.87499999994 5016570.870000001 12.97
469993.87499999994 5016570.870000001 14.10
470023.87499999994 5016570.880000001 5.40
470053.87499999994 5016570.870000001 8.03
470083.87499999994 5016570.880000001 5.37
470113.87499999994 5016570.880000001 22.88
470143.87499999994 5016570.870000001 7.56
470353.87499999994 5016361.420000001 185.27
470173.87499999994 5016570.870000001 13.48
470203.865 5016570.870000001 2.19
470233.865 5016570.870000001 3.57
470263.865 5016570.870000001 3.39
470293.88499999995 5016570.870000001 2.36
470323.89499999996 5016570.870000001 4.71
470353.865 5016570.870000001 5.65
470383.87499999994 5016570.880000001 2.43
470413.87499999994 5016570.870000001 6.70
470443.87499999994 5016570.86 5.75
470383.87499999994 5016361.36 23.72
470473.87499999994 5016570.870000001 6.18
470503.87499999994 5016570.870000001 1.79
470533.89499999996 5016570.880000001 1.78
470563.865 5016570.850000001 2.24
470589.38499999995 5016570.790000001 2.05
469634.44499999995 5016600.870000001 5.97
469663.87499999994 5016600.870000001 6.02
469693.87499999994 5016600.870000001 1.90
469723.87499999994 5016600.870000001 1.92
469753.87499999994 5016600.870000001 2.66
470413.87499999994 5016361.290000001 10.27
469783.87499999994 5016600.870000001 1.27
469813.87499999994 5016600.870000001 1.72
469843.87499999994 5016600.870000001 2.17
469873.87499999994 5016600.870000001 2.83
469903.87499999994 5016600.870000001 2.44
469933.87499999994 5016600.870000001 4.28
469963.87499999994 5016600.870000001 26.51
469993.87499999994 5016600.870000001 17.42
470023.87499999994 5016600.870000001 3.15
470053.87499999994 5016600.880000001 49.03
470443.865 5016361.210000001 4.29
470083.87499999994 5016600.870000001 8.83
470113.88499999995 5016600.870000001 6.17
470143.87499999994 5016600.870000001 6.84
470173.87499999994 5016600.870000001 19.99
470203.87499999994 5016600.870000001 14.04
470233.87499999994 5016600.870000001 12.22
470263.87499999994 5016600.870000001 6.91
470293.87499999994 5016600.880000001 6.59
470323.87499999994 5016600.870000001 3.88
470353.865 5016600.870000001 6.51
470473.87499999994 5016361.130000001 6.75
470383.87499999994 5016600.870000001 3.66
470413.87499999994 5016600.870000001 4.55
470443.87499999994 5016600.870000001 4.05
470473.87499999994 5016600.870000001 11.10
470503.87499999994 5016600.870000001 17.81
470533.87499999994 5016600.850000001 4.83
470563.87499999994 5016600.880000001 2.58
470589.50499999995 5016600.870000001 5.68
469634.51499999996 5016630.870000001 1.99
469663.87499999994 5016630.870000001 1.92
469693.87499999994 5016363.000000001 3.69
470503.87499999994 5016361.07 3.62
469693.87499999994 5016630.870000001 1.41
469723.87499999994 5016630.870000001 2.99
469753.87499999994 5016630.870000001 4.04
469783.87499999994 5016630.870000001 2.33
469813.87499999994 5016630.870000001 2.09
469843.87499999994 5016630.870000001 4.75
469873.87499999994 5016630.870000001 3.44
469903.87499999994 5016630.870000001 8.55
469933.87499999994 5016630.870000001 10.01
469963.87499999994 5016630.870000001 25.38
470533.87499999994 5016361.000000001 11.47
469993.87499999994 5016630.870000001 3.77
470023.87499999994 5016630.870000001 2.96
470053.88499999995 5016630.880000001 16.52
470083.87499999994 5016630.870000001 67.71
470113.87499999994 5016630.870000001 38.95
470143.87499999994 5016630.870000001 15.79
470173.87499999994 5016630.870000001 7.75
470203.87499999994 5016630.870000001 9.66
470233.87499999994 5016630.870000001 9.01
470263.87499999994 5016630.870000001 17.01
470563.87499999994 5016360.930000001 1.01
470293.87499999994 5016630.870000001 4.15
470323.87499999994 5016630.870000001 25.67
470353.87499999994 5016630.870000001 3.25
470383.87499999994 5016630.870000001 2.91
470413.87499999994 5016630.870000001 4.93
470443.87499999994 5016630.870000001 7.63
470473.87499999994 5016630.870000001 9.48
470503.865 5016630.880000001 3.13
470533.88499999995 5016630.880000001 1.84
470563.87499999994 5016630.870000001 6.29
470588.94499999995 5016360.870000001 1.29
470589.56499999994 5016630.870000001 0.95
469634.615 5016660.880000001 1.66
469663.87499999994 5016660.850000001 0.83
469693.87499999994 5016660.86 0.77
469723.87499999994 5016660.78 2.84
469753.87499999994 5016660.86 12.48
469783.87499999994 5016660.720000001 0.97
469813.87499999994 5016660.86 4.81
469843.88499999995 5016660.82 321.54
469873.865 5016660.760000001 20.70
469633.93499999994 5016390.870000001 5.27
469903.87499999994 5016660.260000001 3.97
469933.90499999997 5016660.800000001 6.82
469963.87499999994 5016660.600000001 129.55
469993.88499999995 5016660.850000001 2.60
470023.77499999997 5016660.5600000005 3.34
470053.745 5016660.86 17.10
470083.88499999995 5016660.16 9.97
470113.87499999994 5016660.870000001 10.92
470143.87499999994 5016660.870000001 6.47
470173.87499999994 5016660.86 2.45
469663.87499999994 5016390.870000001 2.10
470203.87499999994 5016660.870000001 8.21
470233.87499999994 5016660.870000001 8.72
470263.87499999994 5016660.870000001 10.27
470293.87499999994 5016660.880000001 16.18
470323.87499999994 5016660.870000001 4.22
470353.87499999994 5016660.870000001 4.70
470383.87499999994 5016660.870000001 2.92
470413.87499999994 5016660.870000001 234.12
470443.87499999994 5016660.870000001 3.71
470473.87499999994 5016660.870000001 22.28
469693.87499999994 5016390.870000001 4.05
470503.87499999994 5016660.870000001 10.28
470533.87499999994 5016660.870000001 42.21
470563.87499999994 5016660.870000001 12.46
470589.65499999997 5016660.870000001 6.47
469634.595 5016690.850000001 0.70
469663.865 5016690.78 1.26
469693.87499999994 5016690.840000001 0.59
469723.845 5016689.630000001 0.00
469753.735 5016690.840000001 0.00
469783.865 5016690.960000001 0.00
469723.87499999994 5016390.870000001 6.39
469813.865 5016691.0600000005 0.00
469843.735 5016690.870000001 0.00
469873.81499999994 5016690.870000001 0.00
469903.77499999997 5016690.98 0.00
469933.925 5016690.82 0.00
469963.89499999996 5016690.870000001 0.00
469993.865 5016690.800000001 0.00
470023.81499999994 5016690.600000001 0.00
470054.27499999997 5016690.930000001 0.00
470084.035 5016691.350000001 0.00
469753.87499999994 5016390.870000001 1.89
470113.95499999996 5016690.870000001 8.68
470143.87499999994 5016690.870000001 17.49
470173.87499999994 5016690.870000001 21.70
470203.87499999994 5016690.880000001 3.01
470233.87499999994 5016690.870000001 7.42
470263.87499999994 5016690.870000001 11.15
470293.87499999994 5016690.870000001 8.26
470323.87499999994 5016690.870000001 6.82
470353.87499999994 5016690.870000001 10.46
470383.87499999994 5016690.870000001 2.00
469783.87499999994 5016390.880000001 4.30
470413.87499999994 5016690.870000001 5.79
470443.87499999994 5016690.870000001 4.98
470473.87499999994 5016690.870000001 3.21
470503.87499999994 5016690.870000001 14.54
470533.87499999994 5016690.880000001 422.93
470563.87499999994 5016690.870000001 7.22
470589.70499999996 5016690.870000001 63.02
469634.76499999996 5016720.66 0.00
469663.76499999996 5016720.94 0.00
469693.83499999996 5016720.460000001 0.00
469723.87499999994 5016362.91 3.78
469813.87499999994 5016390.870000001 1.51
469723.88499999995 5016720.840000001 0.00
469753.795 5016721.210000001 0.00
469784.055 5016720.82 0.00
469814.31499999994 5016720.73 0.00
469843.865 5016721.5600000005 0.00
469873.725 5016720.790000001 0.00
469904.21499999997 5016720.960000001 0.00
469933.83499999996 5016720.53 0.00
469963.805 5016719.140000001 0.00
469993.845 5016720.790000001 0.00
469843.87499999994 5016390.870000001 2.62
470023.88499999995 5016720.870000001 0.00
470053.68499999994 5016720.78 0.00
470084.235 5016720.720000001 0.00
470113.94499999995 5016720.880000001 14.02
470143.87499999994 5016720.880000001 253.53
470173.87499999994 5016720.880000001 4.75
470203.87499999994 5016720.880000001 32.71
470233.87499999994 5016720.880000001 4.75
470263.87499999994 5016720.880000001 22.05
470293.87499999994 5016720.880000001 12.74
469873.87499999994 5016390.870000001 8.55
470323.87499999994 5016720.880000001 6.27
470353.87499999994 5016720.880000001 10.27
470383.87499999994 5016720.880000001 7.59
470413.87499999994 5016720.880000001 30.08
470443.87499999994 5016720.880000001 4.46
470473.87499999994 5016720.880000001 8.83
470503.87499999994 5016720.880000001 18.29
470533.865 5016720.880000001 6.16
470563.865 5016720.880000001 12.26
470589.785 5016720.880000001 6.81
469903.87499999994 5016390.870000001 9.78
469634.925 5016750.880000001 1.23
469663.87499999994 5016750.9 2.15
469693.82499999995 5016751.24 0.52
469723.81499999994 5016751.330000001 0.00
469754.495 5016751.130000001 0.00
469783.89499999996 5016750.870000001 0.00
469813.89499999996 5016751.090000001 0.00
469843.89499999996 5016750.82 0.00
469873.87499999994 5016751.040000001 0.00
469903.855 5016750.970000001 0.00
469933.87499999994 5016390.870000001 2.17
469933.82499999995 5016752.080000001 0.00
469963.88499999995 5016755.44 0.00
469993.64499999996 5016751.010000001 0.00
470023.69499999995 5016750.960000001 0.00
470053.50499999995 5016751.82 0.00
470084.64499999996 5016751.040000001 6.05
470113.87499999994 5016750.880000001 21.15
470143.87499999994 5016750.880000001 5.18
470173.87499999994 5016750.880000001 6.02
470203.87499999994 5016750.880000001 6.00
469963.87499999994 5016390.870000001 3.93
470233.87499999994 5016750.880000001 4.56
470263.865 5016750.880000001 4.47
470293.87499999994 5016750.880000001 3.33
470323.87499999994 5016750.880000001 3.95
470353.87499999994 5016750.880000001 3.17
470383.87499999994 5016750.880000001 5.09
470413.87499999994 5016750.880000001 4.07
470443.87499999994 5016750.880000001 3.26
470473.87499999994 5016750.880000001 2.98
470503.87499999994 5016750.880000001 3.42
469993.87499999994 5016390.870000001 14.42
470533.87499999994 5016750.880000001 7.25
470563.87499999994 5016750.880000001 4.20
470589.865 5016750.880000001 20.29
469634.95499999996 5016780.830000001 0.00
469664.01499999996 5016780.880000001 1.45
469693.345 5016780.8100000005 6.09
469724.165 5016780.380000001 0.00
469753.89499999996 5016780.850000001 0.63
469783.83499999996 5016780.920000001 0.88
469813.70499999996 5016780.82 0.00
470023.87499999994 5016390.870000001 4.03
469844.095 5016779.350000001 0.00
469874.475 5016780.86 0.00
469903.925 5016780.86 0.00
469933.93499999994 5016780.91 0.00
469963.87499999994 5016780.890000001 2.11
469993.87499999994 5016780.890000001 12.17
470023.87499999994 5016780.930000001 8.64
470053.87499999994 5016781.170000001 4.61
470083.87499999994 5016780.880000001 3.45
470113.87499999994 5016780.880000001 0.97
470053.87499999994 5016390.870000001 10.24
470143.87499999994 5016780.880000001 3.29
470173.865 5016780.880000001 5.78
470203.87499999994 5016780.880000001 2.81
470233.87499999994 5016780.880000001 3.66
470263.87499999994 5016780.880000001 1.07
470293.87499999994 5016780.880000001 4.13
470323.865 5016780.880000001 4.76
470353.87499999994 5016780.880000001 11.71
470383.87499999994 5016780.880000001 1.58
470413.87499999994 5016780.880000001 5.26
470083.87499999994 5016390.870000001 3.29
470443.87499999994 5016780.880000001 2.46
470473.87499999994 5016780.880000001 29.77
470503.87499999994 5016780.880000001 7.32
470533.87499999994 5016780.880000001 3.36
470563.87499999994 5016780.880000001 5.05
470589.93499999994 5016780.880000001 28.31
469635.07499999995 5016811.540000001 0.00
469663.88499999995 5016811.0600000005 0.00
469693.665 5016810.91 0.00
469723.865 5016810.95 0.00
469753.87499999994 5016362.850000001 3.43
470113.87499999994 5016390.870000001 6.54
469753.81499999994 5016811.24 0.98
469783.38499999995 5016810.9 0.00
469814.475 5016810.930000001 2.29
469843.855 5016811.960000001 0.44
469873.89499999996 5016810.890000001 0.00
469903.865 5016811.07 0.66
469933.89499999996 5016810.880000001 2.57
469963.87499999994 5016810.880000001 5.78
469993.87499999994 5016810.880000001 17.76
470023.87499999994 5016810.880000001 14.87
470143.87499999994 5016390.870000001 4.83
470053.87499999994 5016810.880000001 6.23
470083.87499999994 5016810.870000001 3.17
470113.87499999994 5016810.880000001 3.97
470143.88499999995 5016810.880000001 2.12
470173.87499999994 5016810.880000001 2.22
470203.87499999994 5016810.880000001 3.48
470233.865 5016810.880000001 13.52
470263.87499999994 5016810.880000001 4.02
470293.87499999994 5016810.870000001 13.55
470323.87499999994 5016810.880000001 3.55
470173.87499999994 5016390.870000001 3.03
470353.87499999994 5016810.880000001 3.85
470383.87499999994 5016810.880000001 1.27
470413.87499999994 5016810.880000001 7.65
470443.87499999994 5016810.880000001 2.95
470473.87499999994 5016810.880000001 3.22
470503.87499999994 5016810.880000001 153.13
470533.87499999994 5016810.880000001 2.82
470563.87499999994 5016810.880000001 3.31
470589.995 5016810.880000001 2.88
469635.12499999994 5016840.960000001 1.28
470203.87499999994 5016390.870000001 4.88
469663.855 5016841.07 1.12
469693.87499999994 5016840.880000001 1.79
469723.87499999994 5016840.880000001 0.92
469753.18499999994 5016840.880000001 0.97
469787.845 5016840.870000001 0.34
469813.805 5016840.880000001 1.20
469843.925 5016840.9 1.19
469873.88499999995 5016841.040000001 4.75
469903.88499999995 5016840.880000001 13.67
469933.88499999995 5016840.870000001 15.84
470233.87499999994 5016390.870000001 4.86
469963.87499999994 5016840.880000001 12.72
469993.87499999994 5016840.880000001 10.60
470023.865 5016840.880000001 5.97
470053.87499999994 5016840.880000001 6.19
470083.87499999994 5016840.880000001 3.73
470113.87499999994 5016840.880000001 7.47
470143.87499999994 5016840.880000001 2.95
470173.87499999994 5016840.880000001 4.10
470203.87499999994 5016840.880000001 3.34
470233.87499999994 5016840.880000001 2.41
470263.87499999994 5016390.870000001 9.93
470263.87499999994 5016840.880000001 2.37
470293.87499999994 5016840.880000001 4.84
470323.87499999994 5016840.880000001 0.92
470353.87499999994 5016840.880000001 6.38
470383.87499999994 5016840.880000001 2.28
470413.87499999994 5016840.880000001 1.76
470443.87499999994 5016840.880000001 0.96
470473.87499999994 5016840.880000001 2.85
470503.87499999994 5016840.880000001 15.89
470533.87499999994 5016840.880000001 4.09
470293.87499999994 5016390.870000001 9.09
470563.87499999994 5016840.880000001 2.69
470590.07499999995 5016840.880000001 1.93
469635.105 5016870.880000001 1.60
469663.87499999994 5016870.880000001 1.00
469693.87499999994 5016870.86 1.56
469723.865 5016870.870000001 1.41
469753.87499999994 5016870.880000001 1.15
469783.89499999996 5016870.890000001 0.29
469813.87499999994 5016870.930000001 3.32
469843.87499999994 5016870.880000001 34.80
470323.87499999994 5016390.870000001 12.98
469873.87499999994 5016870.870000001 15.63
469903.87499999994 5016870.870000001 6.84
469933.87499999994 5016870.880000001 40.70
469963.87499999994 5016870.880000001 111.87
469993.87499999994 5016870.880000001 5.80
470023.87499999994 5016870.880000001 6.19
470053.87499999994 5016870.880000001 4.44
470083.87499999994 5016870.880000001 4.10
470113.87499999994 5016870.880000001 0.83
470143.87499999994 5016870.880000001 9.21
470353.865 5016390.870000001 24.65
470173.87499999994 5016870.880000001 35.66
470203.87499999994 5016870.880000001 1.67
470233.87499999994 5016870.880000001 0.54
470263.87499999994 5016870.880000001 1.09
470293.87499999994 5016870.880000001 1.63
470323.87499999994 5016870.880000001 2.71
470353.87499999994 5016870.880000001 2.69
470383.87499999994 5016870.880000001 3.27
470413.87499999994 5016870.880000001 7.78
470443.87499999994 5016870.880000001 2.95
470383.87499999994 5016390.870000001 8.22
470473.87499999994 5016870.880000001 2.71
470503.87499999994 5016870.890000001 9.31
470533.87499999994 5016870.880000001 884.27
470563.87499999994 5016870.880000001 1.12
470590.13499999995 5016870.880000001 1.31
469635.165 5016900.86 1.04
469663.88499999995 5016900.870000001 1.31
469693.925 5016900.880000001 1.10
469723.82499999995 5016900.880000001 1.05
469753.96499999997 5016900.880000001 2.18
469783.87499999994 5016362.790000001 19.49
470413.87499999994 5016390.870000001 8.20
469783.87499999994 5016900.880000001 4.59
469813.87499999994 5016900.880000001 5.06
469843.87499999994 5016900.870000001 22.05
469873.87499999994 5016900.880000001 42.40
469903.865 5016900.880000001 4.77
469933.87499999994 5016900.880000001 109.31
469963.87499999994 5016900.880000001 6.48
469993.87499999994 5016900.880000001 5.99
470023.87499999994 5016900.880000001 4.90
470053.87499999994 5016900.870000001 2.71
470443.87499999994 5016390.870000001 7.54
470083.87499999994 5016900.880000001 6.30
470113.87499999994 5016900.870000001 2.10
470143.87499999994 5016900.880000001 1.95
470173.87499999994 5016900.880000001 1.70
470203.87499999994 5016900.880000001 10.00
470233.87499999994 5016900.880000001 3.30
470263.87499999994 5016900.880000001 2.13
470293.87499999994 5016900.880000001 2.25
470323.87499999994 5016900.880000001 19.87
470353.87499999994 5016900.880000001 2.78
470473.87499999994 5016390.870000001 13.98
470383.87499999994 5016900.880000001 1.43
470413.87499999994 5016900.880000001 2.74
470443.87499999994 5016900.880000001 4.71
470473.87499999994 5016900.880000001 3.42
470503.87499999994 5016900.880000001 5.17
470533.87499999994 5016900.880000001 3.02
470563.87499999994 5016900.880000001 2.26
470590.19499999995 5016900.880000001 0.60
469635.305 5016930.920000001 1.16
469663.355 5016930.69 0.00
470503.87499999994 5016390.870000001 5.65
469693.96499999997 5016930.870000001 0.45
469723.87499999994 5016930.880000001 1.27
469753.865 5016930.86 2.23
469783.87499999994 5016930.880000001 3.52
469813.87499999994 5016930.880000001 4.62
469843.87499999994 5016930.880000001 6.15
469873.87499999994 5016930.880000001 5.56
469903.865 5016930.880000001 4.79
469933.87499999994 5016930.880000001 5.37
469963.87499999994 5016930.880000001 4.23
470533.87499999994 5016390.870000001 15.31
469993.87499999994 5016930.880000001 5.28
470023.865 5016930.880000001 230.52
470053.87499999994 5016930.880000001 8.96
470083.865 5016930.880000001 6.47
470113.87499999994 5016930.880000001 1.62
470143.87499999994 5016930.880000001 126.99
470173.88499999995 5016930.880000001 6.96
470203.87499999994 5016930.880000001 8.96
470233.87499999994 5016930.870000001 9.70
470263.87499999994 5016930.870000001 6.87
470563.87499999994 5016390.870000001 4.59
470293.87499999994 5016930.870000001 4.68
470323.865 5016930.880000001 1.39
470353.865 5016930.870000001 2.94
470383.87499999994 5016930.880000001 3.01
470413.87499999994 5016930.880000001 3.25
470443.87499999994 5016930.880000001 3.51
470473.87499999994 5016930.880000001 4.38
470503.87499999994 5016930.880000001 19.76
470533.87499999994 5016930.880000001 1.18
470563.87499999994 5016930.880000001 3.23
470589.01499999996 5016390.870000001 1.96
470590.26499999996 5016930.880000001 6.44
469635.555 5016960.790000001 0.00
469663.93499999994 5016961.11 8.82
469693.88499999995 5016960.880000001 3.12
469723.865 5016960.870000001 3.13
469753.87499999994 5016960.870000001 3.49
469783.87499999994 5016960.880000001 2.60
469813.87499999994 5016960.870000001 10.83
469843.87499999994 5016960.880000001 7.91
469873.87499999994 5016960.870000001 10.23
469634.00499999995 5016420.870000001 0.98
469903.87499999994 5016960.880000001 7.87
469933.87499999994 5016960.880000001 10.66
469963.88499999995 5016960.870000001 12.42
469993.87499999994 5016960.870000001 6.33
470023.865 5016960.870000001 4.48
470053.87499999994 5016960.880000001 5.94
470083.87499999994 5016960.870000001 9.89
470113.88499999995 5016960.870000001 1.78
470143.87499999994 5016960.870000001 1.80
470173.865 5016960.870000001 0.59
469663.87499999994 5016420.870000001 1.01
470203.87499999994 5016960.870000001 3.86
470233.87499999994 5016960.890000001 1.46
470263.865 5016960.870000001 1.43
470293.87499999994 5016960.870000001 3.51
470323.87499999994 5016960.870000001 1.32
470353.87499999994 5016960.870000001 4.62
470383.87499999994 5016960.870000001 1.26
470413.87499999994 5016960.870000001 0.40
470443.87499999994 5016960.870000001 1.47
470473.82499999995 5016960.890000001 6.54
469693.87499999994 5016420.870000001 1.42
470503.87499999994 5016960.86 3.08
470533.87499999994 5016960.870000001 3.13
470563.87499999994 5016960.870000001 18.89
470590.345 5016960.870000001 1.34
469635.425 5016990.720000001 0.00
469663.89499999996 5016990.880000001 0.16
469693.87499999994 5016990.870000001 0.97
469723.87499999994 5016990.86 1.78
469753.87499999994 5016990.880000001 1.26
469783.82499999995 5016990.870000001 1.02
469813.87499999994 5016362.7 3.48
469723.87499999994 5016420.870000001 0.98
469813.87499999994 5016990.830000001 4.63
469843.87499999994 5016990.4 19.22
469873.87499999994 5016990.870000001 15.79
469903.87499999994 5016990.880000001 21.91
469933.87499999994 5016990.880000001 132.89
469963.87499999994 5016990.880000001 13.85
469993.87499999994 5016990.880000001 7.54
470023.87499999994 5016990.880000001 4.82
470053.87499999994 5016990.880000001 5.30
470083.87499999994 5016990.870000001 3.70
469753.87499999994 5016420.870000001 2.89
470113.87499999994 5016990.880000001 1.83
470143.87499999994 5016990.880000001 4.43
470173.87499999994 5016990.880000001 5.34
470203.865 5016990.880000001 4.01
470233.87499999994 5016990.880000001 8.21
470263.87499999994 5016990.880000001 5.39
470293.87499999994 5016990.880000001 20.71
470323.87499999994 5016990.880000001 6.78
470353.87499999994 5016990.880000001 7.77
470383.87499999994 5016990.880000001 4.04
469783.87499999994 5016420.870000001 6.73
470413.87499999994 5016990.880000001 3.71
470443.87499999994 5016990.870000001 2.82
470473.87499999994 5016990.880000001 5.38
470503.87499999994 5016990.880000001 1.22
470533.87499999994 5016990.880000001 0.43
470563.87499999994 5016990.880000001 6.93
470590.425 5016990.890000001 3.52
469635.425 5017021.050000001 0.00
469663.87499999994 5017020.86 0.45
469693.865 5017020.870000001 1.28
469813.865 5016420.870000001 4.18
469723.915 5017020.890000001 1.70
469753.87499999994 5017020.9 2.26
469783.865 5017020.850000001 0.95
469813.87499999994 5017020.920000001 2.58
469843.87499999994 5017021.0200000005 1.47
469873.88499999995 5017020.86 3.62
469903.87499999994 5017020.86 5.32
469933.865 5017020.880000001 3.85
469963.87499999994 5017020.880000001 75.94
469993.87499999994 5017020.880000001 5.01
469843.87499999994 5016420.870000001 129.15
470023.87499999994 5017020.880000001 2.71
470053.87499999994 5017020.880000001 6.68
470083.87499999994 5017020.880000001 3.19
470113.87499999994 5017020.880000001 1.44
470143.87499999994 5017020.880000001 2.05
470173.87499999994 5017020.880000001 118.38
470203.87499999994 5017020.880000001 26.15
470233.87499999994 5017020.880000001 1.96
470263.87499999994 5017020.880000001 4.57
470293.87499999994 5017020.880000001 2.42
469873.87499999994 5016420.870000001 3.89
470323.87499999994 5017020.880000001 2.02
470353.87499999994 5017020.880000001 8.05
470383.87499999994 5017020.880000001 1.54
470413.87499999994 5017020.880000001 3.10
470443.87499999994 5017020.870000001 1.30
470473.87499999994 5017020.880000001 1.01
470503.87499999994 5017020.880000001 1.37
470533.87499999994 5017020.880000001 1.41
470563.87499999994 5017020.880000001 1.34
470590.485 5017020.880000001 2.12
469903.87499999994 5016420.870000001 1.55
469635.555 5017051.28 0.55
469663.87499999994 5017050.880000001 0.94
469693.87499999994 5017050.9 2.12
469723.87499999994 5017050.880000001 1.13
469753.865 5017050.870000001 1.00
469783.82499999995 5017050.73 0.64
469813.985 5017050.250000001 1.48
469843.82499999995 5017050.5200000005 1.29
469873.855 5017050.830000001 0.00
469903.88499999995 5017050.91 0.00
469933.87499999994 5016420.870000001 7.60
469933.88499999995 5017050.880000001 1.24
469963.87499999994 5017050.880000001 1.79
469993.87499999994 5017050.880000001 11.02
470023.88499999995 5017050.880000001 2.47
470053.87499999994 5017050.880000001 1.83
470083.87499999994 5017050.880000001 2.21
470113.87499999994 5017050.880000001 0.60
470143.87499999994 5017050.880000001 2.02
470173.87499999994 5017050.880000001 1.72
470203.87499999994 5017050.880000001 10.97
469963.87499999994 5016420.870000001 1.18
470233.87499999994 5017050.880000001 2.20
470263.87499999994 5017050.880000001 1.26
470293.87499999994 5017050.880000001 2.71
470323.87499999994 5017050.880000001 2.54
470353.87499999994 5017050.880000001 2.73
470383.87499999994 5017050.880000001 0.48
470413.87499999994 5017050.880000001 0.38
470443.865 5017050.880000001 0.36
470473.87499999994 5017050.880000001 2.91
470503.87499999994 5017050.880000001 0.96
469993.87499999994 5016420.870000001 4.97
470533.87499999994 5017050.880000001 1.47
470563.865 5017050.880000001 0.81
470590.555 5017050.880000001 3.40
469635.65499999997 5017080.86 1.01
469663.87499999994 5017080.880000001 1.70
469693.87499999994 5017080.880000001 1.23
469723.865 5017080.880000001 1.52
469753.89499999996 5017080.880000001 1.05
469781.82499999995 5017080.870000001 1.35
469813.95499999996 5017080.890000001 0.00
469843.87499999994 5016362.620000001 114.32
470023.87499999994 5016420.870000001 5.13
469843.75499999995 5017080.99 0.00
469874.13499999995 5017080.880000001 0.66
469903.88499999995 5017080.880000001 1.40
469933.88499999995 5017080.880000001 1.23
469963.87499999994 5017080.880000001 1.94
469993.87499999994 5017080.870000001 1.72
470023.87499999994 5017080.880000001 139.04
470053.87499999994 5017080.880000001 3.26
470083.87499999994 5017080.870000001 1.41
470113.87499999994 5017080.880000001 0.78
470053.87499999994 5016420.870000001 13.21
470143.87499999994 5017080.880000001 1.40
470173.87499999994 5017080.880000001 2.08
470203.87499999994 5017080.880000001 5.60
470233.87499999994 5017080.880000001 2.39
470263.87499999994 5017080.880000001 1.60
470293.87499999994 5017080.880000001 15.49
470323.87499999994 5017080.880000001 2.32
470353.87499999994 5017080.880000001 4.55
470383.87499999994 5017080.880000001 2.80
470413.87499999994 5017080.880000001 2.66
470083.87499999994 5016420.870000001 2.96
470443.865 5017080.880000001 3.57
470473.87499999994 5017080.880000001 2.73
470503.87499999994 5017080.880000001 1.58
470533.87499999994 5017080.880000001 1.59
470563.87499999994 5017080.880000001 1.17
470590.62499999994 5017080.870000001 23.85
469635.745 5017110.9 0.98
469663.87499999994 5017110.880000001 1.45
469693.87499999994 5017110.870000001 1.25
469723.865 5017110.840000001 0.73
470113.87499999994 5016420.870000001 24.63
469753.87499999994 5017110.880000001 0.94
469783.50499999995 5017111.0200000005 3.08
469814.00499999995 5017110.870000001 1.45
469843.95499999996 5017111.07 1.58
469873.87499999994 5017110.880000001 3.38
469903.87499999994 5017110.880000001 1.80
469933.87499999994 5017110.870000001 5.09
469963.87499999994 5017110.870000001 0.81
469993.87499999994 5017110.880000001 1.92
470023.87499999994 5017110.880000001 2.14
470143.87499999994 5016420.870000001 3.61
470053.87499999994 5017110.880000001 4.10
470083.87499999994 5017110.880000001 4.60
470113.87499999994 5017110.880000001 0.63
470143.87499999994 5017110.880000001 1.51
470173.87499999994 5017110.880000001 1.20
470203.87499999994 5017110.880000001 2.51
470233.87499999994 5017110.880000001 2.84
470263.87499999994 5017110.880000001 1.72
470293.87499999994 5017110.880000001 2.21
470323.88499999995 5017110.870000001 2.57
470173.87499999994 5016420.870000001 5.33
470353.87499999994 5017110.880000001 3.77
470383.87499999994 5017110.880000001 2.13
470413.87499999994 5017110.880000001 1.85
470443.87499999994 5017110.880000001 2.04
470473.87499999994 5017110.880000001 13.62
470503.87499999994 5017110.880000001 7.81
470533.87499999994 5017110.880000001 4.35
470563.87499999994 5017110.880000001 1.90
470590.70499999996 5017110.880000001 3.58
469635.735 5017140.880000001 1.83
470203.865 5016420.870000001 6.37
469663.87499999994 5017140.880000001 4.25
469693.87499999994 5017140.880000001 11.04
469723.865 5017140.930000001 38.31
469753.87499999994 5017140.86 2.16
469783.76499999996 5017140.580000001 1.68
469813.93499999994 5017140.970000001 5.79
469843.87499999994 5017140.880000001 1.80
469873.87499999994 5017140.880000001 2.09
469903.87499999994 5017140.880000001 2.57
469933.87499999994 5017140.880000001 3.08
470233.87499999994 5016420.870000001 20.18
469963.87499999994 5017140.870000001 3.17
469993.87499999994 5017140.880000001 5.53
470023.87499999994 5017140.880000001 8.05
470053.87499999994 5017140.880000001 5.81
470083.87499999994 5017140.880000001 6.26
470113.87499999994 5017140.880000001 1.50
470143.87499999994 5017140.880000001 8.72
470173.87499999994 5017140.880000001 5.08
470203.87499999994 5017140.880000001 13.01
470233.87499999994 5017140.880000001 3.84
470263.87499999994 5016420.870000001 3.97
470263.865 5017140.880000001 3.17
470293.87499999994 5017140.880000001 5.46
470323.865 5017140.880000001 3.29
470353.87499999994 5017140.880000001 1.73
470383.87499999994 5017140.880000001 1.87
470413.87499999994 5017140.880000001 2.00
470443.87499999994 5017140.880000001 5.65
470473.87499999994 5017140.880000001 2.23
470503.87499999994 5017140.880000001 9.03
470533.87499999994 5017140.880000001 3.83
470293.87499999994 5016420.870000001 9.72
470563.865 5017140.880000001 5.17
470590.75499999995 5017140.880000001 5.47
469635.865 5017170.880000001 1.62
469663.87499999994 5017170.880000001 0.81
469693.865 5017170.880000001 1.08
469723.07499999995 5017171.000000001 0.87
469755.50499999995 5017170.880000001 0.92
469783.87499999994 5017171.130000001 0.70
469813.87499999994 5017170.880000001 1.69
469843.87499999994 5017170.880000001 1.85
469873.87499999994 5016362.57 2.00
470323.865 5016420.870000001 18.30
469873.87499999994 5017170.880000001 2.23
469903.87499999994 5017170.880000001 2.18
469933.87499999994 5017170.880000001 5.53
469963.87499999994 5017170.870000001 2.22
469993.89499999996 5017170.880000001 2.88
470023.865 5017170.880000001 10.21
470053.87499999994 5017170.880000001 23.77
470083.87499999994 5017170.880000001 3.55
470113.88499999995 5017170.880000001 4.72
470143.87499999994 5017170.880000001 1.94
470353.88499999995 5016420.870000001 10.45
470173.87499999994 5017170.880000001 1.61
470203.87499999994 5017170.880000001 2.97
470233.87499999994 5017170.880000001 2.50
470263.87499999994 5017170.880000001 0.41
470293.87499999994 5017170.880000001 1.81
470323.88499999995 5017170.880000001 2.13
470353.87499999994 5017170.880000001 2.87
470383.87499999994 5017170.880000001 4.07
470413.87499999994 5017170.880000001 2.90
470443.87499999994 5017170.880000001 1.72
470383.87499999994 5016420.870000001 8.00
470473.87499999994 5017170.880000001 1.48
470503.87499999994 5017170.880000001 6.32
470533.87499999994 5017170.880000001 1.96
470563.87499999994 5017170.880000001 5.38
470590.83499999996 5017170.880000001 2.96
469635.88499999995 5017200.880000001 0.39
469663.87499999994 5017200.880000001 0.72
469693.87499999994 5017200.880000001 1.13
469723.88499999995 5017200.880000001 0.91
469753.87499999994 5017200.880000001 1.02
470413.865 5016420.870000001 25.38
469783.87499999994 5017200.880000001 2.57
469813.87499999994 5017200.880000001 11.47
469843.87499999994 5017200.880000001 19.46
469873.87499999994 5017200.880000001 1.91
469903.87499999994 5017200.880000001 12.48
469933.865 5017200.880000001 3.24
469963.87499999994 5017200.880000001 2.30
469993.88499999995 5017200.870000001 6.33
470023.87499999994 5017200.880000001 13.14
470053.87499999994 5017200.880000001 2.98
470443.87499999994 5016420.870000001 4.36
470083.87499999994 5017200.880000001 3.99
470113.87499999994 5017200.880000001 3.16
470143.87499999994 5017200.880000001 1.67
470173.87499999994 5017200.880000001 1.88
470203.87499999994 5017200.880000001 0.74
470233.87499999994 5017200.880000001 2.64
470263.87499999994 5017200.880000001 0.42
470293.87499999994 5017200.880000001 1.10
470323.855 5017200.880000001 2.09
470353.88499999995 5017200.880000001 26.69
470473.87499999994 5016420.870000001 3.11
470383.87499999994 5017200.880000001 29.97
470413.87499999994 5017200.880000001 1.77
470443.87499999994 5017200.880000001 2.58
470473.865 5017200.880000001 1.27
470503.87499999994 5017200.870000001 1.85
470533.87499999994 5017200.880000001 2.18
470563.88499999995 5017200.880000001 1.79
470590.89499999996 5017200.870000001 3.09
469635.985 5017230.870000001 0.43
469663.87499999994 5017230.870000001 1.01
470503.87499999994 5016420.870000001 0.62
469693.87499999994 5017230.870000001 1.44
469723.87499999994 5017230.870000001 0.95
469753.87499999994 5017230.870000001 0.39
469783.865 5017230.870000001 6.38
469813.87499999994 5017230.870000001 1.15
469843.87499999994 5017230.880000001 1.25
469873.87499999994 5017230.870000001 2.59
469903.87499999994 5017230.870000001 2.79
469933.88499999995 5017230.870000001 2.12
469963.865 5017230.870000001 1.12
470533.87499999994 5016420.870000001 4.30
469993.87499999994 5017230.870000001 5.62
470023.87499999994 5017230.870000001 12.94
470053.87499999994 5017230.870000001 9.75
470083.87499999994 5017230.880000001 2.94
470113.865 5017230.870000001 2.88
470143.865 5017230.870000001 1.14
470173.87499999994 5017230.870000001 15.37
470203.88499999995 5017230.870000001 5.98
470233.87499999994 5017230.870000001 26.88
470263.855 5017230.880000001 5.59
470563.87499999994 5016420.870000001 2.36
470294.535 5017230.870000001 0.69
470323.88499999995 5017230.870000001 1.19
470353.87499999994 5017230.870000001 7.93
470383.87499999994 5017230.870000001 16.72
470413.87499999994 5017230.870000001 13.37
470443.87499999994 5017230.870000001 2.29
470473.865 5017230.870000001 2.30
470503.87499999994 5017230.870000001 1.03
470533.865 5017230.880000001 0.26
470563.87499999994 5017230.870000001 1.21
470589.095 5016420.870000001 8.07
470590.95499999996 5017230.870000001 1.54
469636.035 5017260.870000001 0.48
469663.87499999994 5017260.870000001 0.31
469693.87499999994 5017260.870000001 1.45
469723.87499999994 5017260.870000001 2.29
469753.87499999994 5017260.870000001 10.98
469783.87499999994 5017260.870000001 2.25
469813.87499999994 5017260.870000001 0.32
469843.87499999994 5017260.870000001 2.87
469873.87499999994 5017260.870000001 4.91
