472561.94 5013570.56 0.7677
472831.94 5013570.56 0.7294
472561.94 5013660.56 0.7371
472831.94 5014470.56 0.6725
472861.94 5014470.56 0.6762
472891.94 5014470.56 0.6669
472921.94 5014470.56 0.6638
472951.94 5014470.56 0.6637
472981.94 5014470.56 0.6664
473011.94 5014470.56 0.6658
473041.94 5014470.56 0.6671
473071.94 5014470.56 0.6704
473101.94 5014470.56 0.6713
472591.94 5013660.56 0.7254
473131.94 5014470.56 0.6679
473161.94 5014470.56 0.6685
473191.94 5014470.56 0.6673
473221.94 5014470.56 0.6674
473251.94 5014470.56 0.6735
473281.94 5014470.56 0.68
473311.94 5014470.56 0.6693
473341.94 5014470.56 0.6668
473371.94 5014470.56 0.6708
473401.94 5014470.56 0.6729
472621.94 5013660.56 0.7185
473431.94 5014470.56 0.6726
473461.94 5014470.56 0.6777
473491.94 5014470.56 0.6724
472531.94 5014500.56 0.6789
472561.94 5014500.56 0.6846
472591.94 5014500.56 0.6755
472621.94 5014500.56 0.6773
472651.94 5014500.56 0.6736
472681.94 5014500.56 0.6755
472711.94 5014500.56 0.6801
472651.94 5013660.56 0.7095
472741.94 5014500.56 0.6828
472771.94 5014500.56 0.6803
472801.94 5014500.56 0.6769
472831.94 5014500.56 0.6755
472861.94 5014500.56 0.6777
472891.94 5014500.56 0.6724
472921.94 5014500.56 0.6648
472951.94 5014500.56 0.6644
472981.94 5014500.56 0.6726
473011.94 5014500.56 0.6745
472681.94 5013660.56 0.7306
473041.94 5014500.56 0.6741
473071.94 5014500.56 0.677
473101.94 5014500.56 0.6798
473131.94 5014500.56 0.6778
473161.94 5014500.56 0.6697
473191.94 5014500.56 0.6718
473221.94 5014500.56 0.6703
473251.94 5014500.56 0.677
473281.94 5014500.56 0.6828
473311.94 5014500.56 0.6689
472711.94 5013660.56 0.7128
473341.94 5014500.56 0.6682
473371.94 5014500.56 0.6715
473401.94 5014500.56 0.677
473431.94 5014500.56 0.6797
473461.94 5014500.56 0.6734
473491.94 5014500.56 0.6737
472531.94 5014530.56 0.678
472561.94 5014530.56 0.7018
472591.94 5014530.56 0.6876
472621.94 5014530.56 0.6885
472741.94 5013660.56 0.7287
472651.94 5014530.56 0.6792
472681.94 5014530.56 0.6881
472711.94 5014530.56 0.6894
472741.94 5014530.56 0.6975
472771.94 5014530.56 0.6995
472801.94 5014530.56 0.7001
472831.94 5014530.56 0.7046
472861.94 5014530.56 0.719
472891.94 5014530.56 0.7092
472921.94 5014530.56 0.6651
472771.94 5013660.56 0.7243
472951.94 5014530.56 0.6673
472981.94 5014530.56 0.6819
473011.94 5014530.56 0.6823
473041.94 5014530.56 0.6825
473071.94 5014530.56 0.6984
473101.94 5014530.56 0.6841
473131.94 5014530.56 0.6795
473161.94 5014530.56 0.6721
473191.94 5014530.56 0.674
473221.94 5014530.56 0.6748
472801.94 5013660.56 0.696
473251.94 5014530.56 0.6822
473281.94 5014530.56 0.7017
473311.94 5014530.56 0.6706
473341.94 5014530.56 0.671
473371.94 5014530.56 0.674
473401.94 5014530.56 0.6868
473431.94 5014530.56 0.6837
473461.94 5014530.56 0.677
473491.94 5014530.56 0.6745
472531.94 5014560.56 0.6771
472831.94 5013660.56 0.6937
472561.94 5014560.56 0.7125
472591.94 5014560.56 0.6991
472621.94 5014560.56 0.6924
472651.94 5014560.56 0.6819
472681.94 5014560.56 0.6974
472711.94 5014560.56 0.6941
472741.94 5014560.56 0.6978
472771.94 5014560.56 0.6968
472801.94 5014560.56 0.6934
472831.94 5014560.56 0.706
472861.94 5013570.56 0.7213
472861.94 5013660.56 0.6962
472861.94 5014560.56 0.7058
472891.94 5014560.56 0.6825
472921.94 5014560.56 0.6645
472951.94 5014560.56 0.6674
472981.94 5014560.56 0.6808
473011.94 5014560.56 0.6955
473041.94 5014560.56 0.6873
473071.94 5014560.56 0.6856
473101.94 5014560.56 0.6883
473131.94 5014560.56 0.6801
472891.94 5013660.56 0.7045
473161.94 5014560.56 0.6749
473191.94 5014560.56 0.6785
473221.94 5014560.56 0.6773
473251.94 5014560.56 0.6837
473281.94 5014560.56 0.6903
473311.94 5014560.56 0.6719
473341.94 5014560.56 0.6694
473371.94 5014560.56 0.6759
473401.94 5014560.56 0.6877
473431.94 5014560.56 0.6805
472921.94 5013660.56 0.7114
473461.94 5014560.56 0.6789
473491.94 5014560.56 0.6737
472531.94 5014590.56 0.6807
472561.94 5014590.56 0.7188
472591.94 5014590.56 0.713
472621.94 5014590.56 0.7166
472651.94 5014590.56 0.7139
472681.94 5014590.56 0.7137
472711.94 5014590.56 0.6986
472741.94 5014590.56 0.6961
472951.94 5013660.56 0.7266
472771.94 5014590.56 0.6957
472801.94 5014590.56 0.6961
472831.94 5014590.56 0.7109
472861.94 5014590.56 0.752
472891.94 5014590.56 0.6705
472921.94 5014590.56 0.664
472951.94 5014590.56 0.6664
472981.94 5014590.56 0.6854
473011.94 5014590.56 0.6923
473041.94 5014590.56 0.6875
472981.94 5013660.56 0.7558
473071.94 5014590.56 0.6858
473101.94 5014590.56 0.6893
473131.94 5014590.56 0.678
473161.94 5014590.56 0.6745
473191.94 5014590.56 0.6782
473221.94 5014590.56 0.6794
473251.94 5014590.56 0.683
473281.94 5014590.56 0.6874
473311.94 5014590.56 0.6706
473341.94 5014590.56 0.6723
473011.94 5013660.56 0.7331
473371.94 5014590.56 0.6766
473401.94 5014590.56 0.6908
473431.94 5014590.56 0.6809
473461.94 5014590.56 0.6756
473491.94 5014590.56 0.6741
472531.94 5014620.56 0.6855
472561.94 5014620.56 0.7127
472591.94 5014620.56 0.6975
472621.94 5014620.56 0.6941
472651.94 5014620.56 0.6812
473041.94 5013660.56 0.6861
472681.94 5014620.56 0.6918
472711.94 5014620.56 0.6951
472741.94 5014620.56 0.7001
472771.94 5014620.56 0.6963
472801.94 5014620.56 0.6946
472831.94 5014620.56 0.7426
472861.94 5014620.56 0.7563
472891.94 5014620.56 0.6669
472921.94 5014620.56 0.664
472951.94 5014620.56 0.6675
473071.94 5013660.56 0.7284
472981.94 5014620.56 0.6949
473011.94 5014620.56 0.6894
473041.94 5014620.56 0.6847
473071.94 5014620.56 0.6864
473101.94 5014620.56 0.6896
473131.94 5014620.56 0.6757
473161.94 5014620.56 0.6724
473191.94 5014620.56 0.6771
473221.94 5014620.56 0.6755
473251.94 5014620.56 0.6791
473101.94 5013660.56 0.7493
473281.94 5014620.56 0.6916
473311.94 5014620.56 0.6702
473341.94 5014620.56 0.67
473371.94 5014620.56 0.6778
473401.94 5014620.56 0.6887
473431.94 5014620.56 0.6796
473461.94 5014620.56 0.6763
473491.94 5014620.56 0.6703
472531.94 5014650.56 0.6808
472561.94 5014650.56 0.6819
473131.94 5013660.56 0.735
472591.94 5014650.56 0.672
472621.94 5014650.56 0.6697
472651.94 5014650.56 0.6693
472681.94 5014650.56 0.6711
472711.94 5014650.56 0.6701
472741.94 5014650.56 0.6779
472771.94 5014650.56 0.6748
472801.94 5014650.56 0.6833
472831.94 5014650.56 0.6911
472861.94 5014650.56 0.6951
472891.94 5013570.56 0.7384
473161.94 5013660.56 0.7164
472891.94 5014650.56 0.665
472921.94 5014650.56 0.6635
472951.94 5014650.56 0.6672
472981.94 5014650.56 0.6823
473011.94 5014650.56 0.6826
473041.94 5014650.56 0.6762
473071.94 5014650.56 0.6761
473101.94 5014650.56 0.6871
473131.94 5014650.56 0.6778
473161.94 5014650.56 0.6765
473191.94 5013660.56 0.7082
473191.94 5014650.56 0.683
473221.94 5014650.56 0.68
473251.94 5014650.56 0.6807
473281.94 5014650.56 0.6801
473311.94 5014650.56 0.6705
473341.94 5014650.56 0.6719
473371.94 5014650.56 0.6829
473401.94 5014650.56 0.6916
473431.94 5014650.56 0.6752
473461.94 5014650.56 0.6775
473221.94 5013660.56 0.6874
473491.94 5014650.56 0.6738
472531.94 5014680.56 0.6741
472561.94 5014680.56 0.6966
472591.94 5014680.56 0.6808
472621.94 5014680.56 0.6811
472651.94 5014680.56 0.6815
472681.94 5014680.56 0.6831
472711.94 5014680.56 0.6763
472741.94 5014680.56 0.6844
472771.94 5014680.56 0.6806
473251.94 5013660.56 0.7143
472801.94 5014680.56 0.6963
472831.94 5014680.56 0.7048
472861.94 5014680.56 0.6771
472891.94 5014680.56 0.6643
472921.94 5014680.56 0.6636
472951.94 5014680.56 0.6653
472981.94 5014680.56 0.679
473011.94 5014680.56 0.6782
473041.94 5014680.56 0.6778
473071.94 5014680.56 0.6777
473281.94 5013660.56 0.7
473101.94 5014680.56 0.6791
473131.94 5014680.56 0.6714
473161.94 5014680.56 0.6716
473191.94 5014680.56 0.6825
473221.94 5014680.56 0.6834
473251.94 5014680.56 0.6845
473281.94 5014680.56 0.6761
473311.94 5014680.56 0.6733
473341.94 5014680.56 0.6722
473371.94 5014680.56 0.6834
473311.94 5013660.56 0.708
473401.94 5014680.56 0.6933
473431.94 5014680.56 0.6818
473461.94 5014680.56 0.6728
473491.94 5014680.56 0.6789
472531.94 5014710.56 0.6828
472561.94 5014710.56 0.7548
472591.94 5014710.56 0.7238
472621.94 5014710.56 0.7106
472651.94 5014710.56 0.7047
472681.94 5014710.56 0.7182
473341.94 5013660.56 0.735
472711.94 5014710.56 0.6946
472741.94 5014710.56 0.7239
472771.94 5014710.56 0.715
472801.94 5014710.56 0.7205
472831.94 5014710.56 0.7466
472861.94 5014710.56 0.6855
472891.94 5014710.56 0.665
472921.94 5014710.56 0.6642
472951.94 5014710.56 0.6729
472981.94 5014710.56 0.6793
473371.94 5013660.56 0.7781
473011.94 5014710.56 0.6849
473041.94 5014710.56 0.6812
473071.94 5014710.56 0.6807
473101.94 5014710.56 0.6788
473131.94 5014710.56 0.6768
473161.94 5014710.56 0.6772
473191.94 5014710.56 0.6942
473221.94 5014710.56 0.6994
473251.94 5014710.56 0.7009
473281.94 5014710.56 0.6834
473401.94 5013660.56 0.7556
473311.94 5014710.56 0.6732
473341.94 5014710.56 0.6757
473371.94 5014710.56 0.7061
473401.94 5014710.56 0.7174
473431.94 5014710.56 0.7129
473461.94 5014710.56 0.6863
473491.94 5014710.56 0.6961
472531.94 5014740.56 0.717
472561.94 5014740.56 0.7679
472591.94 5014740.56 0.7386
473431.94 5013660.56 0.7264
472621.94 5014740.56 0.7137
472651.94 5014740.56 0.7162
472681.94 5014740.56 0.721
472711.94 5014740.56 0.7058
472741.94 5014740.56 0.7306
472771.94 5014740.56 0.724
472801.94 5014740.56 0.7205
472831.94 5014740.56 0.7167
472861.94 5014740.56 0.6868
472891.94 5014740.56 0.6661
472921.94 5013570.56 0.7374
473461.94 5013660.56 0.7674
472921.94 5014740.56 0.6697
472951.94 5014740.56 0.6893
472981.94 5014740.56 0.6964
473011.94 5014740.56 0.6938
473041.94 5014740.56 0.7026
473071.94 5014740.56 0.692
473101.94 5014740.56 0.7008
473131.94 5014740.56 0.6828
473161.94 5014740.56 0.6937
473191.94 5014740.56 0.7009
473491.94 5013660.56 0.7519
473221.94 5014740.56 0.7147
473251.94 5014740.56 0.7047
473281.94 5014740.56 0.6851
473311.94 5014740.56 0.6733
473341.94 5014740.56 0.6775
473371.94 5014740.56 0.7062
473401.94 5014740.56 0.73
473431.94 5014740.56 0.7069
473461.94 5014740.56 0.6834
473491.94 5014740.56 0.6983
472531.94 5013690.56 0.7802
472531.94 5014770.56 0.7094
472561.94 5014770.56 0.7735
472591.94 5014770.56 0.724
472621.94 5014770.56 0.7239
472651.94 5014770.56 0.7242
472681.94 5014770.56 0.7239
472711.94 5014770.56 0.7
472741.94 5014770.56 0.7311
472771.94 5014770.56 0.7059
472801.94 5014770.56 0.7124
472561.94 5013690.56 0.7168
472831.94 5014770.56 0.7183
472861.94 5014770.56 0.6802
472891.94 5014770.56 0.6651
472921.94 5014770.56 0.6746
472951.94 5014770.56 0.6972
472981.94 5014770.56 0.7181
473011.94 5014770.56 0.7229
473041.94 5014770.56 0.7113
473071.94 5014770.56 0.708
473101.94 5014770.56 0.7007
472591.94 5013690.56 0.6916
473131.94 5014770.56 0.6882
473161.94 5014770.56 0.6982
473191.94 5014770.56 0.7018
473221.94 5014770.56 0.7079
473251.94 5014770.56 0.7104
473281.94 5014770.56 0.6863
473311.94 5014770.56 0.6754
473341.94 5014770.56 0.6784
473371.94 5014770.56 0.7048
473401.94 5014770.56 0.7274
472621.94 5013690.56 0.6945
473431.94 5014770.56 0.7033
473461.94 5014770.56 0.6851
473491.94 5014770.56 0.6963
472531.94 5014800.56 0.71
472561.94 5014800.56 0.7415
472591.94 5014800.56 0.7196
472621.94 5014800.56 0.7138
472651.94 5014800.56 0.7099
472681.94 5014800.56 0.7164
472711.94 5014800.56 0.7052
472651.94 5013690.56 0.6875
472741.94 5014800.56 0.7321
472771.94 5014800.56 0.7056
472801.94 5014800.56 0.7135
472831.94 5014800.56 0.7172
472861.94 5014800.56 0.6738
472891.94 5014800.56 0.666
472921.94 5014800.56 0.6779
472951.94 5014800.56 0.6976
472981.94 5014800.56 0.7215
473011.94 5014800.56 0.7238
472681.94 5013690.56 0.7005
473041.94 5014800.56 0.7121
473071.94 5014800.56 0.7028
473101.94 5014800.56 0.6875
473131.94 5014800.56 0.6867
473161.94 5014800.56 0.6897
473191.94 5014800.56 0.7002
473221.94 5014800.56 0.7009
473251.94 5014800.56 0.7033
473281.94 5014800.56 0.6817
473311.94 5014800.56 0.6736
472711.94 5013690.56 0.7086
473341.94 5014800.56 0.6773
473371.94 5014800.56 0.7044
473401.94 5014800.56 0.7214
473431.94 5014800.56 0.6966
473461.94 5014800.56 0.682
473491.94 5014800.56 0.6872
472531.94 5014830.56 0.707
472561.94 5014830.56 0.7604
472591.94 5014830.56 0.703
472621.94 5014830.56 0.6999
472741.94 5013690.56 0.724
472651.94 5014830.56 0.7076
472681.94 5014830.56 0.6927
472711.94 5014830.56 0.6887
472741.94 5014830.56 0.7091
472771.94 5014830.56 0.6978
472801.94 5014830.56 0.7041
472831.94 5014830.56 0.7073
472861.94 5014830.56 0.67
472891.94 5014830.56 0.6647
472921.94 5014830.56 0.6813
472951.94 5013570.56 0.7265
472771.94 5013690.56 0.722
472951.94 5014830.56 0.704
472981.94 5014830.56 0.7238
473011.94 5014830.56 0.7097
473041.94 5014830.56 0.711
473071.94 5014830.56 0.705
473101.94 5014830.56 0.685
473131.94 5014830.56 0.6855
473161.94 5014830.56 0.6902
473191.94 5014830.56 0.6944
473221.94 5014830.56 0.7008
472801.94 5013690.56 0.6796
473251.94 5014830.56 0.6937
473281.94 5014830.56 0.6748
473311.94 5014830.56 0.6727
473341.94 5014830.56 0.684
473371.94 5014830.56 0.7017
473401.94 5014830.56 0.7072
473431.94 5014830.56 0.6963
473461.94 5014830.56 0.6762
473491.94 5014830.56 0.6852
472531.94 5014860.56 0.7009
472831.94 5013690.56 0.6754
472561.94 5014860.56 0.6946
472591.94 5014860.56 0.6785
472621.94 5014860.56 0.6773
472651.94 5014860.56 0.6762
472681.94 5014860.56 0.6797
472711.94 5014860.56 0.6712
472741.94 5014860.56 0.6727
472771.94 5014860.56 0.671
472801.94 5014860.56 0.6746
472831.94 5014860.56 0.6757
472861.94 5013690.56 0.6828
472861.94 5014860.56 0.6652
472891.94 5014860.56 0.6648
472921.94 5014860.56 0.6688
472951.94 5014860.56 0.6703
472981.94 5014860.56 0.6742
473011.94 5014860.56 0.6733
473041.94 5014860.56 0.674
473071.94 5014860.56 0.6703
473101.94 5014860.56 0.6695
473131.94 5014860.56 0.6714
472891.94 5013690.56 0.6897
473161.94 5014860.56 0.674
473191.94 5014860.56 0.679
473221.94 5014860.56 0.6744
473251.94 5014860.56 0.6775
473281.94 5014860.56 0.6729
473311.94 5014860.56 0.68
473341.94 5014860.56 0.6971
473371.94 5014860.56 0.6987
473401.94 5014860.56 0.7098
473431.94 5014860.56 0.7026
472921.94 5013690.56 0.6857
473461.94 5014860.56 0.6857
473491.94 5014860.56 0.693
472531.94 5014890.56 0.6926
472561.94 5014890.56 0.7378
472591.94 5014890.56 0.7081
472621.94 5014890.56 0.7015
472651.94 5014890.56 0.6939
472681.94 5014890.56 0.6993
472711.94 5014890.56 0.688
472741.94 5014890.56 0.6917
472951.94 5013690.56 0.6773
472771.94 5014890.56 0.6709
472801.94 5014890.56 0.6865
472831.94 5014890.56 0.6824
472861.94 5014890.56 0.6799
472891.94 5014890.56 0.6813
472921.94 5014890.56 0.6927
472951.94 5014890.56 0.6868
472981.94 5014890.56 0.6848
473011.94 5014890.56 0.6914
473041.94 5014890.56 0.6829
472981.94 5013690.56 0.6872
473071.94 5014890.56 0.6821
473101.94 5014890.56 0.689
473131.94 5014890.56 0.6781
473161.94 5014890.56 0.6828
473191.94 5014890.56 0.688
473221.94 5014890.56 0.6856
473251.94 5014890.56 0.6889
473281.94 5014890.56 0.6907
473311.94 5014890.56 0.6881
473341.94 5014890.56 0.6947
473011.94 5013690.56 0.6857
473371.94 5014890.56 0.6845
473401.94 5014890.56 0.6872
473431.94 5014890.56 0.6841
473461.94 5014890.56 0.6815
473491.94 5014890.56 0.6883
472531.94 5014920.56 0.7106
472561.94 5014920.56 0.7494
472591.94 5014920.56 0.7187
472621.94 5014920.56 0.7077
472651.94 5014920.56 0.7043
473041.94 5013690.56 0.6926
472681.94 5014920.56 0.711
472711.94 5014920.56 0.6962
472741.94 5014920.56 0.6928
472771.94 5014920.56 0.6787
472801.94 5014920.56 0.7018
472831.94 5014920.56 0.7113
472861.94 5014920.56 0.7138
472891.94 5014920.56 0.7031
472921.94 5014920.56 0.7025
472951.94 5014920.56 0.6911
472981.94 5013570.56 0.7402
473071.94 5013690.56 0.6974
472981.94 5014920.56 0.7002
473011.94 5014920.56 0.7131
473041.94 5014920.56 0.6971
473071.94 5014920.56 0.6858
473101.94 5014920.56 0.6921
473131.94 5014920.56 0.691
473161.94 5014920.56 0.6928
473191.94 5014920.56 0.6992
473221.94 5014920.56 0.7019
473251.94 5014920.56 0.6991
473101.94 5013690.56 0.6878
473281.94 5014920.56 0.6937
473311.94 5014920.56 0.6984
473341.94 5014920.56 0.7028
473371.94 5014920.56 0.7005
473401.94 5014920.56 0.6929
473431.94 5014920.56 0.6967
473461.94 5014920.56 0.6841
473491.94 5014920.56 0.6969
472531.94 5014950.56 0.7132
472561.94 5014950.56 0.8943
473131.94 5013690.56 0.7021
472591.94 5014950.56 0.881
472621.94 5014950.56 0.878
472651.94 5014950.56 0.8799
472681.94 5014950.56 0.8833
472711.94 5014950.56 0.8742
472741.94 5014950.56 0.8756
472771.94 5014950.56 0.8723
472801.94 5014950.56 0.8811
472831.94 5014950.56 0.884
472861.94 5014950.56 0.8866
473161.94 5013690.56 0.7096
472891.94 5014950.56 0.8857
472921.94 5014950.56 0.8858
472951.94 5014950.56 0.8865
472981.94 5014950.56 0.8895
473011.94 5014950.56 0.8996
473041.94 5014950.56 0.8848
473071.94 5014950.56 0.8933
473101.94 5014950.56 0.8982
473131.94 5014950.56 0.897
473161.94 5014950.56 0.8982
473191.94 5013690.56 0.6877
473191.94 5014950.56 0.899
473221.94 5014950.56 0.8994
473251.94 5014950.56 0.9033
473281.94 5014950.56 0.898
473311.94 5014950.56 0.9054
473341.94 5014950.56 0.9067
473371.94 5014950.56 0.9052
473401.94 5014950.56 0.9063
473431.94 5014950.56 0.9078
473461.94 5014950.56 0.9047
473221.94 5013690.56 0.6773
473491.94 5014950.56 0.9076
472531.94 5014980.56 0.9148
473251.94 5013690.56 0.6969
473281.94 5013690.56 0.6866
473311.94 5013690.56 0.6903
473341.94 5013690.56 0.7292
473011.94 5013570.56 0.7198
473371.94 5013690.56 0.7578
473401.94 5013690.56 0.7138
473431.94 5013690.56 0.7113
473461.94 5013690.56 0.732
473491.94 5013690.56 0.741
472531.94 5013720.56 0.8098
472561.94 5013720.56 0.6873
472591.94 5013720.56 0.6924
472621.94 5013720.56 0.6938
472651.94 5013720.56 0.6764
473041.94 5013570.56 0.7058
472681.94 5013720.56 0.682
472711.94 5013720.56 0.6856
472741.94 5013720.56 0.6978
472771.94 5013720.56 0.716
472801.94 5013720.56 0.7238
472831.94 5013720.56 0.6828
472861.94 5013720.56 0.7002
472891.94 5013720.56 0.6864
472921.94 5013720.56 0.6962
472951.94 5013720.56 0.7161
473071.94 5013570.56 0.7364
472981.94 5013720.56 0.7488
473011.94 5013720.56 0.7054
473041.94 5013720.56 0.6877
473071.94 5013720.56 0.6901
473101.94 5013720.56 0.7107
473131.94 5013720.56 0.7166
473161.94 5013720.56 0.7171
473191.94 5013720.56 0.6894
473221.94 5013720.56 0.6779
473251.94 5013720.56 0.6838
473101.94 5013570.56 0.7644
473281.94 5013720.56 0.6949
473311.94 5013720.56 0.7067
473341.94 5013720.56 0.7156
473371.94 5013720.56 0.7158
473401.94 5013720.56 0.6965
473431.94 5013720.56 0.698
473461.94 5013720.56 0.7014
473491.94 5013720.56 0.7665
472531.94 5013750.56 0.7966
472561.94 5013750.56 0.7054
472591.94 5013570.56 0.7715
473131.94 5013570.56 0.7463
472591.94 5013750.56 0.7131
472621.94 5013750.56 0.7086
472651.94 5013750.56 0.6891
472681.94 5013750.56 0.6937
472711.94 5013750.56 0.7009
472741.94 5013750.56 0.7175
472771.94 5013750.56 0.7405
472801.94 5013750.56 0.7587
472831.94 5013750.56 0.7172
472861.94 5013750.56 0.7018
473161.94 5013570.56 0.7852
472891.94 5013750.56 0.7065
472921.94 5013750.56 0.7977
472951.94 5013750.56 0.7949
472981.94 5013750.56 0.735
473011.94 5013750.56 0.7033
473041.94 5013750.56 0.6973
473071.94 5013750.56 0.6968
473101.94 5013750.56 0.7203
473131.94 5013750.56 0.7237
473161.94 5013750.56 0.7032
473191.94 5013570.56 0.7196
473191.94 5013750.56 0.6885
473221.94 5013750.56 0.6841
473251.94 5013750.56 0.6968
473281.94 5013750.56 0.7458
473311.94 5013750.56 0.7262
473341.94 5013750.56 0.7646
473371.94 5013750.56 0.7582
473401.94 5013750.56 0.7266
473431.94 5013750.56 0.7302
473461.94 5013750.56 0.7892
473221.94 5013570.56 0.7194
473491.94 5013750.56 0.7622
472531.94 5013780.56 0.789
472561.94 5013780.56 0.704
472591.94 5013780.56 0.7108
472621.94 5013780.56 0.708
472651.94 5013780.56 0.6874
472681.94 5013780.56 0.694
472711.94 5013780.56 0.707
472741.94 5013780.56 0.7248
472771.94 5013780.56 0.7417
473251.94 5013570.56 0.7439
472801.94 5013780.56 0.7461
472831.94 5013780.56 0.6971
472861.94 5013780.56 0.7001
472891.94 5013780.56 0.7675
472921.94 5013780.56 0.791
472951.94 5013780.56 0.7437
472981.94 5013780.56 0.7278
473011.94 5013780.56 0.7028
473041.94 5013780.56 0.7001
473071.94 5013780.56 0.6984
473281.94 5013570.56 0.7293
473101.94 5013780.56 0.7209
473131.94 5013780.56 0.727
473161.94 5013780.56 0.7087
473191.94 5013780.56 0.7008
473221.94 5013780.56 0.6877
473251.94 5013780.56 0.7054
473281.94 5013780.56 0.7676
473311.94 5013780.56 0.7458
473341.94 5013780.56 0.7981
473371.94 5013780.56 0.7721
473311.94 5013570.56 0.7114
473401.94 5013780.56 0.7375
473431.94 5013780.56 0.7939
473461.94 5013780.56 0.7927
473491.94 5013780.56 0.7871
472531.94 5013810.56 0.8098
472561.94 5013810.56 0.6973
472591.94 5013810.56 0.7065
472621.94 5013810.56 0.7105
472651.94 5013810.56 0.6853
472681.94 5013810.56 0.6959
473341.94 5013570.56 0.7157
472711.94 5013810.56 0.7014
472741.94 5013810.56 0.7228
472771.94 5013810.56 0.7387
472801.94 5013810.56 0.7369
472831.94 5013810.56 0.7059
472861.94 5013810.56 0.6956
472891.94 5013810.56 0.7302
472921.94 5013810.56 0.7169
472951.94 5013810.56 0.7232
472981.94 5013810.56 0.7373
473371.94 5013570.56 0.7014
473011.94 5013810.56 0.7109
473041.94 5013810.56 0.6945
473071.94 5013810.56 0.7018
473101.94 5013810.56 0.7212
473131.94 5013810.56 0.731
473161.94 5013810.56 0.7098
473191.94 5013810.56 0.701
473221.94 5013810.56 0.6957
473251.94 5013810.56 0.7093
473281.94 5013810.56 0.7548
473401.94 5013570.56 0.7034
473311.94 5013810.56 0.7806
473341.94 5013810.56 0.7976
473371.94 5013810.56 0.7951
473401.94 5013810.56 0.7333
473431.94 5013810.56 0.788
473461.94 5013810.56 0.7957
473491.94 5013810.56 0.7903
472531.94 5013840.56 0.8194
472561.94 5013840.56 0.6931
472591.94 5013840.56 0.7043
472621.94 5013570.56 0.7583
473431.94 5013570.56 0.715
472621.94 5013840.56 0.7109
472651.94 5013840.56 0.6864
472681.94 5013840.56 0.6922
472711.94 5013840.56 0.7105
472741.94 5013840.56 0.7728
472771.94 5013840.56 0.788
472801.94 5013840.56 0.7648
472831.94 5013840.56 0.7445
472861.94 5013840.56 0.7237
472891.94 5013840.56 0.7073
473461.94 5013570.56 0.7299
472921.94 5013840.56 0.7037
472951.94 5013840.56 0.717
472981.94 5013840.56 0.7444
473011.94 5013840.56 0.7028
473041.94 5013840.56 0.6922
473071.94 5013840.56 0.6995
473101.94 5013840.56 0.729
473131.94 5013840.56 0.7259
473161.94 5013840.56 0.708
473191.94 5013840.56 0.6952
473491.94 5013570.56 0.7439
473221.94 5013840.56 0.694
473251.94 5013840.56 0.7093
473281.94 5013840.56 0.754
473311.94 5013840.56 0.7858
473341.94 5013840.56 0.7748
473371.94 5013840.56 0.7747
473401.94 5013840.56 0.7468
473431.94 5013840.56 0.7217
473461.94 5013840.56 0.7496
473491.94 5013840.56 0.7242
472531.94 5013600.56 0.7795
472531.94 5013870.56 0.7731
472561.94 5013870.56 0.6862
472591.94 5013870.56 0.6927
472621.94 5013870.56 0.6976
472651.94 5013870.56 0.6812
472681.94 5013870.56 0.684
472711.94 5013870.56 0.7088
472741.94 5013870.56 0.7206
472771.94 5013870.56 0.7397
472801.94 5013870.56 0.7252
472561.94 5013600.56 0.7323
472831.94 5013870.56 0.6976
472861.94 5013870.56 0.6913
472891.94 5013870.56 0.688
472921.94 5013870.56 0.6976
472951.94 5013870.56 0.7031
472981.94 5013870.56 0.729
473011.94 5013870.56 0.6962
473041.94 5013870.56 0.6887
473071.94 5013870.56 0.7001
473101.94 5013870.56 0.706
472591.94 5013600.56 0.7335
473131.94 5013870.56 0.7165
473161.94 5013870.56 0.7035
473191.94 5013870.56 0.6975
473221.94 5013870.56 0.6818
473251.94 5013870.56 0.7037
473281.94 5013870.56 0.7456
473311.94 5013870.56 0.7803
473341.94 5013870.56 0.7575
473371.94 5013870.56 0.7536
473401.94 5013870.56 0.7085
472621.94 5013600.56 0.7357
473431.94 5013870.56 0.7044
473461.94 5013870.56 0.714
473491.94 5013870.56 0.7188
472531.94 5013900.56 0.7593
472561.94 5013900.56 0.6723
472591.94 5013900.56 0.6775
472621.94 5013900.56 0.6801
472651.94 5013900.56 0.675
472681.94 5013900.56 0.6781
472711.94 5013900.56 0.7109
472651.94 5013600.56 0.7219
472741.94 5013900.56 0.6966
472771.94 5013900.56 0.7107
472801.94 5013900.56 0.7029
472831.94 5013900.56 0.6845
472861.94 5013900.56 0.6854
472891.94 5013900.56 0.7003
472921.94 5013900.56 0.7036
472951.94 5013900.56 0.7281
472981.94 5013900.56 0.7178
473011.94 5013900.56 0.7039
472681.94 5013600.56 0.7099
473041.94 5013900.56 0.6958
473071.94 5013900.56 0.6932
473101.94 5013900.56 0.6841
473131.94 5013900.56 0.6969
473161.94 5013900.56 0.6921
473191.94 5013900.56 0.6895
473221.94 5013900.56 0.6785
473251.94 5013900.56 0.6859
473281.94 5013900.56 0.7344
473311.94 5013900.56 0.6858
472711.94 5013600.56 0.7185
473341.94 5013900.56 0.6958
473371.94 5013900.56 0.6977
473401.94 5013900.56 0.6963
473431.94 5013900.56 0.682
473461.94 5013900.56 0.6823
473491.94 5013900.56 0.6836
472531.94 5013930.56 0.7247
472561.94 5013930.56 0.7019
472591.94 5013930.56 0.7041
472621.94 5013930.56 0.7128
472651.94 5013570.56 0.7578
472741.94 5013600.56 0.7395
472651.94 5013930.56 0.6906
472681.94 5013930.56 0.6982
472711.94 5013930.56 0.722
472741.94 5013930.56 0.7253
472771.94 5013930.56 0.739
472801.94 5013930.56 0.726
472831.94 5013930.56 0.6968
472861.94 5013930.56 0.6988
472891.94 5013930.56 0.7153
472921.94 5013930.56 0.728
472771.94 5013600.56 0.732
472951.94 5013930.56 0.731
472981.94 5013930.56 0.7247
473011.94 5013930.56 0.7127
473041.94 5013930.56 0.7145
473071.94 5013930.56 0.7046
473101.94 5013930.56 0.6975
473131.94 5013930.56 0.7099
473161.94 5013930.56 0.7078
473191.94 5013930.56 0.7016
473221.94 5013930.56 0.6878
472801.94 5013600.56 0.7141
473251.94 5013930.56 0.7055
473281.94 5013930.56 0.739
473311.94 5013930.56 0.722
473341.94 5013930.56 0.7317
473371.94 5013930.56 0.7305
473401.94 5013930.56 0.7393
473431.94 5013930.56 0.714
473461.94 5013930.56 0.705
473491.94 5013930.56 0.7431
472531.94 5013960.56 0.8002
472831.94 5013600.56 0.698
472561.94 5013960.56 0.7009
472591.94 5013960.56 0.7019
472621.94 5013960.56 0.7145
472651.94 5013960.56 0.7216
472681.94 5013960.56 0.733
472711.94 5013960.56 0.7376
472741.94 5013960.56 0.7273
472771.94 5013960.56 0.738
472801.94 5013960.56 0.7284
472831.94 5013960.56 0.6948
472861.94 5013600.56 0.6973
472861.94 5013960.56 0.6982
472891.94 5013960.56 0.7167
472921.94 5013960.56 0.7289
472951.94 5013960.56 0.7254
472981.94 5013960.56 0.7267
473011.94 5013960.56 0.7192
473041.94 5013960.56 0.7089
473071.94 5013960.56 0.7084
473101.94 5013960.56 0.6978
473131.94 5013960.56 0.7151
472891.94 5013600.56 0.7154
473161.94 5013960.56 0.7169
473191.94 5013960.56 0.7051
473221.94 5013960.56 0.6932
473251.94 5013960.56 0.7087
473281.94 5013960.56 0.7468
473311.94 5013960.56 0.7131
473341.94 5013960.56 0.7246
473371.94 5013960.56 0.7379
473401.94 5013960.56 0.7389
473431.94 5013960.56 0.7263
472921.94 5013600.56 0.7136
473461.94 5013960.56 0.7314
473491.94 5013960.56 0.7292
472531.94 5013990.56 0.7793
472561.94 5013990.56 0.7548
472591.94 5013990.56 0.7513
472621.94 5013990.56 0.7757
472651.94 5013990.56 0.7384
472681.94 5013990.56 0.7082
472711.94 5013990.56 0.7216
472741.94 5013990.56 0.731
472951.94 5013600.56 0.7056
472771.94 5013990.56 0.7476
472801.94 5013990.56 0.7329
472831.94 5013990.56 0.6941
472861.94 5013990.56 0.7011
472891.94 5013990.56 0.7161
472921.94 5013990.56 0.7278
472951.94 5013990.56 0.7268
472981.94 5013990.56 0.7281
473011.94 5013990.56 0.7208
473041.94 5013990.56 0.713
472981.94 5013600.56 0.72
473071.94 5013990.56 0.7064
473101.94 5013990.56 0.694
473131.94 5013990.56 0.7128
473161.94 5013990.56 0.7251
473191.94 5013990.56 0.7054
473221.94 5013990.56 0.6937
473251.94 5013990.56 0.7101
473281.94 5013990.56 0.7353
473311.94 5013990.56 0.7148
473341.94 5013990.56 0.7287
473011.94 5013600.56 0.7073
473371.94 5013990.56 0.7442
473401.94 5013990.56 0.7489
473431.94 5013990.56 0.7247
473461.94 5013990.56 0.7296
473491.94 5013990.56 0.7457
472531.94 5014020.56 0.7807
472561.94 5014020.56 0.7092
472591.94 5014020.56 0.7083
472621.94 5014020.56 0.7149
472651.94 5014020.56 0.6994
472681.94 5013570.56 0.7498
473041.94 5013600.56 0.6986
472681.94 5014020.56 0.7103
472711.94 5014020.56 0.733
472741.94 5014020.56 0.7291
472771.94 5014020.56 0.7362
472801.94 5014020.56 0.7305
472831.94 5014020.56 0.6969
472861.94 5014020.56 0.7054
472891.94 5014020.56 0.7212
472921.94 5014020.56 0.7226
472951.94 5014020.56 0.7245
473071.94 5013600.56 0.7326
472981.94 5014020.56 0.7199
473011.94 5014020.56 0.7197
473041.94 5014020.56 0.7114
473071.94 5014020.56 0.7127
473101.94 5014020.56 0.7028
473131.94 5014020.56 0.7119
473161.94 5014020.56 0.7194
473191.94 5014020.56 0.7064
473221.94 5014020.56 0.6944
473251.94 5014020.56 0.7252
473101.94 5013600.56 0.7793
473281.94 5014020.56 0.7352
473311.94 5014020.56 0.7214
473341.94 5014020.56 0.7251
473371.94 5014020.56 0.7589
473401.94 5014020.56 0.7589
473431.94 5014020.56 0.7427
473461.94 5014020.56 0.7767
473491.94 5014020.56 0.8018
472531.94 5014050.56 0.8141
472561.94 5014050.56 0.7113
473131.94 5013600.56 0.793
472591.94 5014050.56 0.719
472621.94 5014050.56 0.7207
472651.94 5014050.56 0.6925
472681.94 5014050.56 0.6943
472711.94 5014050.56 0.7139
472741.94 5014050.56 0.7255
472771.94 5014050.56 0.731
472801.94 5014050.56 0.7267
472831.94 5014050.56 0.6945
472861.94 5014050.56 0.711
473161.94 5013600.56 0.7347
472891.94 5014050.56 0.7123
472921.94 5014050.56 0.7166
472951.94 5014050.56 0.7192
472981.94 5014050.56 0.715
473011.94 5014050.56 0.7197
473041.94 5014050.56 0.7115
473071.94 5014050.56 0.7076
473101.94 5014050.56 0.707
473131.94 5014050.56 0.7105
473161.94 5014050.56 0.7119
473191.94 5013600.56 0.711
473191.94 5014050.56 0.704
473221.94 5014050.56 0.7056
473251.94 5014050.56 0.7174
473281.94 5014050.56 0.73
473311.94 5014050.56 0.72
473341.94 5014050.56 0.7266
473371.94 5014050.56 0.7581
473401.94 5014050.56 0.7867
473431.94 5014050.56 0.7742
473461.94 5014050.56 0.7545
473221.94 5013600.56 0.7044
473491.94 5014050.56 0.8093
472531.94 5014080.56 0.8079
472561.94 5014080.56 0.6982
472591.94 5014080.56 0.6977
472621.94 5014080.56 0.7088
472651.94 5014080.56 0.6899
472681.94 5014080.56 0.681
472711.94 5014080.56 0.6912
472741.94 5014080.56 0.7021
472771.94 5014080.56 0.7149
473251.94 5013600.56 0.7327
472801.94 5014080.56 0.7165
472831.94 5014080.56 0.6858
472861.94 5014080.56 0.6918
472891.94 5014080.56 0.6975
472921.94 5014080.56 0.6993
472951.94 5014080.56 0.7004
472981.94 5014080.56 0.6921
473011.94 5014080.56 0.6998
473041.94 5014080.56 0.6964
473071.94 5014080.56 0.7054
473281.94 5013600.56 0.7048
473101.94 5014080.56 0.6896
473131.94 5014080.56 0.6976
473161.94 5014080.56 0.6998
473191.94 5014080.56 0.6879
473221.94 5014080.56 0.696
473251.94 5014080.56 0.6931
473281.94 5014080.56 0.7036
473311.94 5014080.56 0.6967
473341.94 5014080.56 0.7038
473371.94 5014080.56 0.7278
473311.94 5013600.56 0.7043
473401.94 5014080.56 0.754
473431.94 5014080.56 0.7273
473461.94 5014080.56 0.7187
473491.94 5014080.56 0.7726
472531.94 5014110.56 0.817
472561.94 5014110.56 0.6774
472591.94 5014110.56 0.6806
472621.94 5014110.56 0.6802
472651.94 5014110.56 0.6746
472681.94 5014110.56 0.672
472711.94 5013570.56 0.7509
473341.94 5013600.56 0.7051
472711.94 5014110.56 0.6735
472741.94 5014110.56 0.6762
472771.94 5014110.56 0.6784
472801.94 5014110.56 0.6855
472831.94 5014110.56 0.6781
472861.94 5014110.56 0.6839
472891.94 5014110.56 0.684
472921.94 5014110.56 0.6785
472951.94 5014110.56 0.6796
472981.94 5014110.56 0.6853
473371.94 5013600.56 0.7003
473011.94 5014110.56 0.684
473041.94 5014110.56 0.6759
473071.94 5014110.56 0.6775
473101.94 5014110.56 0.6875
473131.94 5014110.56 0.6858
473161.94 5014110.56 0.6798
473191.94 5014110.56 0.6819
473221.94 5014110.56 0.6761
473251.94 5014110.56 0.6785
473281.94 5014110.56 0.6861
473401.94 5013600.56 0.7497
473311.94 5014110.56 0.6862
473341.94 5014110.56 0.6982
473371.94 5014110.56 0.7015
473401.94 5014110.56 0.7177
473431.94 5014110.56 0.7007
473461.94 5014110.56 0.7006
473491.94 5014110.56 0.6959
472531.94 5014140.56 0.7426
472561.94 5014140.56 0.7005
472591.94 5014140.56 0.6964
473431.94 5013600.56 0.7626
472621.94 5014140.56 0.6991
472651.94 5014140.56 0.6966
472681.94 5014140.56 0.6823
472711.94 5014140.56 0.691
472741.94 5014140.56 0.6916
472771.94 5014140.56 0.6991
472801.94 5014140.56 0.6957
472831.94 5014140.56 0.6923
472861.94 5014140.56 0.6973
472891.94 5014140.56 0.6988
473461.94 5013600.56 0.7408
472921.94 5014140.56 0.688
472951.94 5014140.56 0.6874
472981.94 5014140.56 0.7063
473011.94 5014140.56 0.6895
473041.94 5014140.56 0.6815
473071.94 5014140.56 0.6827
473101.94 5014140.56 0.6832
473131.94 5014140.56 0.6901
473161.94 5014140.56 0.6849
473191.94 5014140.56 0.6878
473491.94 5013600.56 0.7498
473221.94 5014140.56 0.6788
473251.94 5014140.56 0.6834
473281.94 5014140.56 0.6936
473311.94 5014140.56 0.6928
473341.94 5014140.56 0.6973
473371.94 5014140.56 0.7189
473401.94 5014140.56 0.7438
473431.94 5014140.56 0.7296
473461.94 5014140.56 0.7182
473491.94 5014140.56 0.7288
472531.94 5013630.56 0.7903
472531.94 5014170.56 0.7696
472561.94 5014170.56 0.6996
472591.94 5014170.56 0.7017
472621.94 5014170.56 0.6926
472651.94 5014170.56 0.6935
472681.94 5014170.56 0.6823
472711.94 5014170.56 0.6971
472741.94 5014170.56 0.6959
472771.94 5014170.56 0.702
472801.94 5014170.56 0.6975
472561.94 5013630.56 0.7269
472831.94 5014170.56 0.6917
472861.94 5014170.56 0.7108
472891.94 5014170.56 0.7032
472921.94 5014170.56 0.6878
472951.94 5014170.56 0.6948
472981.94 5014170.56 0.7016
473011.94 5014170.56 0.6996
473041.94 5014170.56 0.6875
473071.94 5014170.56 0.6936
473101.94 5014170.56 0.6895
472591.94 5013630.56 0.7287
473131.94 5014170.56 0.6892
473161.94 5014170.56 0.6895
473191.94 5014170.56 0.6894
473221.94 5014170.56 0.6829
473251.94 5014170.56 0.6837
473281.94 5014170.56 0.7025
473311.94 5014170.56 0.6982
473341.94 5014170.56 0.7031
473371.94 5014170.56 0.7297
473401.94 5014170.56 0.7571
472621.94 5013630.56 0.7266
473431.94 5014170.56 0.7322
473461.94 5014170.56 0.7448
473491.94 5014170.56 0.7374
472531.94 5014200.56 0.7786
472561.94 5014200.56 0.7005
472591.94 5014200.56 0.7022
472621.94 5014200.56 0.6942
472651.94 5014200.56 0.6915
472681.94 5014200.56 0.6857
472711.94 5014200.56 0.698
472741.94 5013570.56 0.7747
472651.94 5013630.56 0.7127
472741.94 5014200.56 0.6984
472771.94 5014200.56 0.7035
472801.94 5014200.56 0.6998
472831.94 5014200.56 0.6957
472861.94 5014200.56 0.7045
472891.94 5014200.56 0.7022
472921.94 5014200.56 0.6871
472951.94 5014200.56 0.696
472981.94 5014200.56 0.7128
473011.94 5014200.56 0.6973
472681.94 5013630.56 0.7079
473041.94 5014200.56 0.6929
473071.94 5014200.56 0.6988
473101.94 5014200.56 0.6927
473131.94 5014200.56 0.6892
473161.94 5014200.56 0.6946
473191.94 5014200.56 0.695
473221.94 5014200.56 0.6826
473251.94 5014200.56 0.6838
473281.94 5014200.56 0.7104
473311.94 5014200.56 0.7159
472711.94 5013630.56 0.7124
473341.94 5014200.56 0.7563
473371.94 5014200.56 0.7788
473401.94 5014200.56 0.8079
473431.94 5014200.56 0.8141
473461.94 5014200.56 0.7576
473491.94 5014200.56 0.7816
472531.94 5014230.56 0.7598
472561.94 5014230.56 0.7029
472591.94 5014230.56 0.6964
472621.94 5014230.56 0.6912
472741.94 5013630.56 0.7443
472651.94 5014230.56 0.6929
472681.94 5014230.56 0.6858
472711.94 5014230.56 0.7
472741.94 5014230.56 0.6996
472771.94 5014230.56 0.7056
472801.94 5014230.56 0.7035
472831.94 5014230.56 0.6923
472861.94 5014230.56 0.7071
472891.94 5014230.56 0.6972
472921.94 5014230.56 0.6897
472771.94 5013630.56 0.7303
472951.94 5014230.56 0.6977
472981.94 5014230.56 0.7185
473011.94 5014230.56 0.6973
473041.94 5014230.56 0.6948
473071.94 5014230.56 0.7003
473101.94 5014230.56 0.6936
473131.94 5014230.56 0.6866
473161.94 5014230.56 0.7001
473191.94 5014230.56 0.695
473221.94 5014230.56 0.6861
472801.94 5013630.56 0.7075
473251.94 5014230.56 0.6839
473281.94 5014230.56 0.7016
473311.94 5014230.56 0.7005
473341.94 5014230.56 0.7014
473371.94 5014230.56 0.7271
473401.94 5014230.56 0.7505
473431.94 5014230.56 0.7507
473461.94 5014230.56 0.7599
473491.94 5014230.56 0.7412
472531.94 5014260.56 0.803
472831.94 5013630.56 0.6915
472561.94 5014260.56 0.6867
472591.94 5014260.56 0.6803
472621.94 5014260.56 0.6795
472651.94 5014260.56 0.68
472681.94 5014260.56 0.6803
472711.94 5014260.56 0.6839
472741.94 5014260.56 0.6899
472771.94 5014260.56 0.6889
472801.94 5014260.56 0.6886
472831.94 5014260.56 0.68
472861.94 5013630.56 0.6937
472861.94 5014260.56 0.6817
472891.94 5014260.56 0.6772
472921.94 5014260.56 0.6759
472951.94 5014260.56 0.687
472981.94 5014260.56 0.7041
473011.94 5014260.56 0.697
473041.94 5014260.56 0.6874
473071.94 5014260.56 0.6944
473101.94 5014260.56 0.693
473131.94 5014260.56 0.6852
472891.94 5013630.56 0.7159
473161.94 5014260.56 0.6991
473191.94 5014260.56 0.698
473221.94 5014260.56 0.6846
473251.94 5014260.56 0.6793
473281.94 5014260.56 0.703
473311.94 5014260.56 0.6971
473341.94 5014260.56 0.6886
473371.94 5014260.56 0.7106
473401.94 5014260.56 0.716
473431.94 5014260.56 0.7342
472921.94 5013630.56 0.7079
473461.94 5014260.56 0.7412
473491.94 5014260.56 0.7539
472531.94 5014290.56 0.7662
472561.94 5014290.56 0.6804
472591.94 5014290.56 0.6705
472621.94 5014290.56 0.6717
472651.94 5014290.56 0.6687
472681.94 5014290.56 0.6723
472711.94 5014290.56 0.6707
472741.94 5014290.56 0.6698
472771.94 5013570.56 0.758
472951.94 5013630.56 0.7031
472771.94 5014290.56 0.6701
472801.94 5014290.56 0.6674
472831.94 5014290.56 0.6667
472861.94 5014290.56 0.6681
472891.94 5014290.56 0.6662
472921.94 5014290.56 0.664
472951.94 5014290.56 0.6744
472981.94 5014290.56 0.6751
473011.94 5014290.56 0.6707
473041.94 5014290.56 0.6721
472981.94 5013630.56 0.7249
473071.94 5014290.56 0.6767
473101.94 5014290.56 0.6817
473131.94 5014290.56 0.6692
473161.94 5014290.56 0.678
473191.94 5014290.56 0.6704
473221.94 5014290.56 0.666
473251.94 5014290.56 0.6666
473281.94 5014290.56 0.6709
473311.94 5014290.56 0.677
473341.94 5014290.56 0.6741
473011.94 5013630.56 0.7099
473371.94 5014290.56 0.6758
473401.94 5014290.56 0.6766
473431.94 5014290.56 0.6767
473461.94 5014290.56 0.6857
473491.94 5014290.56 0.6901
472531.94 5014320.56 0.7162
472561.94 5014320.56 0.6911
472591.94 5014320.56 0.6845
472621.94 5014320.56 0.68
472651.94 5014320.56 0.6733
473041.94 5013630.56 0.7024
472681.94 5014320.56 0.675
472711.94 5014320.56 0.6787
472741.94 5014320.56 0.6774
472771.94 5014320.56 0.6792
472801.94 5014320.56 0.6759
472831.94 5014320.56 0.6803
472861.94 5014320.56 0.6876
472891.94 5014320.56 0.6715
472921.94 5014320.56 0.6656
472951.94 5014320.56 0.6919
473071.94 5013630.56 0.7275
472981.94 5014320.56 0.6792
473011.94 5014320.56 0.673
473041.94 5014320.56 0.6772
473071.94 5014320.56 0.6848
473101.94 5014320.56 0.6887
473131.94 5014320.56 0.6885
473161.94 5014320.56 0.6783
473191.94 5014320.56 0.6807
473221.94 5014320.56 0.6749
473251.94 5014320.56 0.6891
473101.94 5013630.56 0.7255
473281.94 5014320.56 0.6915
473311.94 5014320.56 0.6815
473341.94 5014320.56 0.68
473371.94 5014320.56 0.6803
473401.94 5014320.56 0.6831
473431.94 5014320.56 0.6767
473461.94 5014320.56 0.684
473491.94 5014320.56 0.6818
472531.94 5014350.56 0.6935
472561.94 5014350.56 0.6916
473131.94 5013630.56 0.7656
472591.94 5014350.56 0.6873
472621.94 5014350.56 0.6811
472651.94 5014350.56 0.6728
472681.94 5014350.56 0.6779
472711.94 5014350.56 0.6813
472741.94 5014350.56 0.6854
472771.94 5014350.56 0.6825
472801.94 5014350.56 0.6837
472831.94 5014350.56 0.6889
472861.94 5014350.56 0.7004
473161.94 5013630.56 0.7158
472891.94 5014350.56 0.6769
472921.94 5014350.56 0.669
472951.94 5014350.56 0.7078
472981.94 5014350.56 0.6869
473011.94 5014350.56 0.6767
473041.94 5014350.56 0.6815
473071.94 5014350.56 0.6879
473101.94 5014350.56 0.6874
473131.94 5014350.56 0.6801
473161.94 5014350.56 0.6779
473191.94 5013630.56 0.7114
473191.94 5014350.56 0.6806
473221.94 5014350.56 0.6785
473251.94 5014350.56 0.6869
473281.94 5014350.56 0.7006
473311.94 5014350.56 0.6911
473341.94 5014350.56 0.6828
473371.94 5014350.56 0.6886
473401.94 5014350.56 0.6856
473431.94 5014350.56 0.6848
473461.94 5014350.56 0.6873
473221.94 5013630.56 0.6927
473491.94 5014350.56 0.6809
472531.94 5014380.56 0.6968
472561.94 5014380.56 0.7001
472591.94 5014380.56 0.6973
472621.94 5014380.56 0.6874
472651.94 5014380.56 0.6783
472681.94 5014380.56 0.6835
472711.94 5014380.56 0.6867
472741.94 5014380.56 0.6921
472771.94 5014380.56 0.6858
472801.94 5013570.56 0.7511
473251.94 5013630.56 0.7209
472801.94 5014380.56 0.6911
472831.94 5014380.56 0.6955
472861.94 5014380.56 0.7095
472891.94 5014380.56 0.6755
472921.94 5014380.56 0.6749
472951.94 5014380.56 0.6915
472981.94 5014380.56 0.6907
473011.94 5014380.56 0.6801
473041.94 5014380.56 0.6786
473071.94 5014380.56 0.6904
473281.94 5013630.56 0.698
473101.94 5014380.56 0.6942
473131.94 5014380.56 0.6822
473161.94 5014380.56 0.6852
473191.94 5014380.56 0.6857
473221.94 5014380.56 0.6762
473251.94 5014380.56 0.6874
473281.94 5014380.56 0.6952
473311.94 5014380.56 0.687
473341.94 5014380.56 0.6856
473371.94 5014380.56 0.6864
473311.94 5013630.56 0.7073
473401.94 5014380.56 0.6919
473431.94 5014380.56 0.6841
473461.94 5014380.56 0.6858
473491.94 5014380.56 0.6832
472531.94 5014410.56 0.6934
472561.94 5014410.56 0.712
472591.94 5014410.56 0.6903
472621.94 5014410.56 0.6835
472651.94 5014410.56 0.6793
472681.94 5014410.56 0.6864
473341.94 5013630.56 0.7172
472711.94 5014410.56 0.6955
472741.94 5014410.56 0.6971
472771.94 5014410.56 0.69
472801.94 5014410.56 0.6928
472831.94 5014410.56 0.7044
472861.94 5014410.56 0.7151
472891.94 5014410.56 0.6753
472921.94 5014410.56 0.6731
472951.94 5014410.56 0.7069
472981.94 5014410.56 0.6942
473371.94 5013630.56 0.7204
473011.94 5014410.56 0.6831
473041.94 5014410.56 0.6823
473071.94 5014410.56 0.696
473101.94 5014410.56 0.6957
473131.94 5014410.56 0.6854
473161.94 5014410.56 0.6793
473191.94 5014410.56 0.6828
473221.94 5014410.56 0.6807
473251.94 5014410.56 0.688
473281.94 5014410.56 0.6994
473401.94 5013630.56 0.7529
473311.94 5014410.56 0.6865
473341.94 5014410.56 0.6813
473371.94 5014410.56 0.6879
473401.94 5014410.56 0.6878
473431.94 5014410.56 0.6812
473461.94 5014410.56 0.6878
473491.94 5014410.56 0.6818
472531.94 5014440.56 0.6969
472561.94 5014440.56 0.7116
472591.94 5014440.56 0.6918
473431.94 5013630.56 0.7347
472621.94 5014440.56 0.6844
472651.94 5014440.56 0.6771
472681.94 5014440.56 0.6839
472711.94 5014440.56 0.6925
472741.94 5014440.56 0.7004
472771.94 5014440.56 0.697
472801.94 5014440.56 0.6931
472831.94 5014440.56 0.697
472861.94 5014440.56 0.7
472891.94 5014440.56 0.6758
473461.94 5013630.56 0.7232
472921.94 5014440.56 0.6703
472951.94 5014440.56 0.6741
472981.94 5014440.56 0.681
473011.94 5014440.56 0.6784
473041.94 5014440.56 0.6716
473071.94 5014440.56 0.6805
473101.94 5014440.56 0.6861
473131.94 5014440.56 0.6823
473161.94 5014440.56 0.6793
473191.94 5014440.56 0.682
473491.94 5013630.56 0.7452
473221.94 5014440.56 0.6833
473251.94 5014440.56 0.6868
473281.94 5014440.56 0.7094
473311.94 5014440.56 0.6915
473341.94 5014440.56 0.6909
473371.94 5014440.56 0.6893
473401.94 5014440.56 0.6905
473431.94 5014440.56 0.6843
473461.94 5014440.56 0.6853
473491.94 5014440.56 0.6841
472531.94 5013660.56 0.785
472531.94 5014470.56 0.6901
472561.94 5014470.56 0.6883
472591.94 5014470.56 0.6823
472621.94 5014470.56 0.6727
472651.94 5014470.56 0.6702
472681.94 5014470.56 0.6729
472711.94 5014470.56 0.674
472741.94 5014470.56 0.6824
472771.94 5014470.56 0.6788
472801.94 5014470.56 0.6814
