472561.93500000006 5013572.58 9.22
472831.93500000006 5013572.01 57.73
472562.12500000006 5013660.54 3.94
472831.93500000006 5014470.56 3.43
472861.93500000006 5014470.56 1.98
472891.93500000006 5014470.56 1.17
472921.93500000006 5014470.56 1.32
472951.93500000006 5014470.56 11.42
472981.93500000006 5014470.56 1.55
473011.93500000006 5014470.56 3.69
473041.93500000006 5014470.56 7.66
473071.93500000006 5014470.56 3.59
473101.93500000006 5014470.56 7.34
472591.93500000006 5013660.55 43.75
473131.93500000006 5014470.56 0.20
473161.93500000006 5014470.56 3.75
473191.93500000006 5014470.56 9.52
473221.93500000006 5014470.56 8.27
473251.93500000006 5014470.56 19.67
473281.93500000006 5014470.56 6.07
473311.93500000006 5014470.56 3.10
473341.93500000006 5014470.56 4.13
473371.93500000006 5014470.56 17.58
473401.93500000006 5014470.56 12.22
472621.93500000006 5013660.55 15.05
473431.93500000006 5014470.56 10.15
473461.93500000006 5014470.56 3.92
473491.93500000006 5014470.56 11.34
473519.07500000007 5014470.56 31.56
472563.94500000007 5014500.56 1.67
472591.93500000006 5014500.56 1.68
472621.93500000006 5014500.56 1.48
472651.93500000006 5014500.56 1.43
472681.93500000006 5014500.56 1.95
472711.93500000006 5014500.56 1.35
472651.93500000006 5013660.55 111.71
472741.93500000006 5014500.56 1.09
472771.93500000006 5014500.56 2.84
472801.93500000006 5014500.56 1.01
472831.93500000006 5014500.55 2.25
472861.93500000006 5014500.56 2.76
472891.93500000006 5014500.56 1.22
472921.93500000006 5014500.56 1.20
472951.93500000006 5014500.56 1.29
472981.93500000006 5014500.56 2.76
473011.93500000006 5014500.56 9.75
472681.93500000006 5013659.75 27.58
473041.93500000006 5014500.56 3.93
473071.93500000006 5014500.56 11.64
473101.93500000006 5014500.56 1.49
473131.93500000006 5014500.56 0.56
473161.93500000006 5014500.56 2.51
473191.93500000006 5014500.56 3.35
473221.93500000006 5014500.56 5.25
473251.93500000006 5014500.56 14.06
473281.93500000006 5014500.56 6.37
473311.93500000006 5014500.56 2.90
472711.93500000006 5013660.55 15.95
473341.93500000006 5014500.56 17.48
473371.93500000006 5014500.56 5.26
473401.93500000006 5014500.56 72.71
473431.93500000006 5014500.56 40.52
473461.93500000006 5014500.56 1.82
473491.93500000006 5014500.56 3.84
473519.155 5014500.56 4.88
472564.015 5014530.56 1.39
472591.93500000006 5014530.56 1.42
472621.93500000006 5014530.56 1.19
472741.93500000006 5013660.55 8.74
472651.93500000006 5014530.56 0.95
472681.93500000006 5014530.56 1.25
472711.93500000006 5014530.56 1.10
472741.93500000006 5014530.56 1.00
472771.93500000006 5014530.56 0.78
472801.93500000006 5014530.56 0.94
472831.93500000006 5014530.56 0.63
472861.93500000006 5014530.56 1.32
472891.93500000006 5014530.56 1.76
472921.93500000006 5014530.56 0.26
472771.93500000006 5013660.55 16.15
472951.93500000006 5014530.56 1.72
472981.93500000006 5014530.56 10.26
473011.93500000006 5014530.56 14.70
473041.93500000006 5014530.56 0.66
473071.94500000007 5014530.56 1.72
473101.93500000006 5014530.56 2.53
473131.93500000006 5014530.56 0.89
473161.93500000006 5014530.56 19.15
473191.93500000006 5014530.56 6.73
473221.93500000006 5014530.56 5.85
472801.93500000006 5013660.55 14.86
473251.93500000006 5014530.56 53.40
473281.93500000006 5014530.56 9.27
473311.93500000006 5014530.56 3.30
473341.93500000006 5014530.56 17.21
473371.93500000006 5014530.56 17.49
473401.93500000006 5014530.56 5.96
473431.93500000006 5014530.55 18.28
473461.93500000006 5014530.56 4.63
473491.93500000006 5014530.56 210.62
473519.22500000003 5014530.56 5.37
472831.93500000006 5013660.55 20.31
472564.085 5014560.56 1.47
472591.93500000006 5014560.56 0.84
472621.93500000006 5014560.56 1.12
472651.93500000006 5014560.56 1.22
472681.93500000006 5014560.56 1.64
472711.93500000006 5014560.56 0.45
472741.93500000006 5014560.56 0.61
472771.93500000006 5014560.56 0.57
472801.93500000006 5014560.56 0.83
472831.93500000006 5014560.56 0.88
472861.93500000006 5013571.95 25.35
472861.93500000006 5013660.55 11.63
472861.93500000006 5014560.55 1.49
472891.93500000006 5014560.56 0.60
472921.93500000006 5014560.56 1.32
472951.93500000006 5014560.56 5.68
472981.93500000006 5014560.56 5.96
473011.93500000006 5014560.56 7.96
473041.93500000006 5014560.56 2.89
473071.93500000006 5014560.56 1.43
473101.93500000006 5014560.56 1.86
473131.93500000006 5014560.56 0.39
472891.93500000006 5013660.55 28.25
473161.93500000006 5014560.56 3.48
473191.93500000006 5014560.56 13.11
473221.93500000006 5014560.56 10.25
473251.93500000006 5014560.56 28.72
473281.93500000006 5014560.56 14.78
473311.93500000006 5014560.56 9.78
473341.93500000006 5014560.56 3.40
473371.93500000006 5014560.56 100.35
473401.93500000006 5014560.56 14.38
473431.93500000006 5014560.56 3.80
472921.93500000006 5013660.55 26.52
473461.93500000006 5014560.56 27.11
473491.93500000006 5014560.55 63.65
473519.275 5014560.56 1.33
472564.155 5014590.56 0.93
472591.93500000006 5014590.56 0.96
472621.94500000007 5014590.56 1.29
472651.93500000006 5014590.56 1.15
472681.93500000006 5014590.56 1.59
472711.93500000006 5014590.56 1.28
472741.93500000006 5014590.55 1.06
472951.92500000005 5013660.55 13.76
472771.93500000006 5014590.56 1.48
472801.93500000006 5014590.56 0.90
472831.93500000006 5014590.55 1.44
472861.93500000006 5014590.56 1.84
472891.93500000006 5014590.56 1.09
472921.93500000006 5014590.56 3.25
472951.93500000006 5014590.56 2.29
472981.93500000006 5014590.56 4.01
473011.93500000006 5014590.56 69.04
473041.93500000006 5014590.56 20.29
472981.93500000006 5013660.55 31.07
473071.93500000006 5014590.56 2.09
473101.93500000006 5014590.56 1.64
473131.93500000006 5014590.56 1.10
473161.93500000006 5014590.56 2.15
473191.93500000006 5014590.56 14.76
473221.93500000006 5014590.56 51.17
473251.93500000006 5014590.56 273.22
473281.93500000006 5014590.56 4.99
473311.93500000006 5014590.56 5.13
473341.93500000006 5014590.56 3.69
473011.93500000006 5013660.55 16.22
473371.93500000006 5014590.56 27.03
473401.93500000006 5014590.55 29.45
473431.93500000006 5014590.56 8.86
473461.93500000006 5014590.56 7.23
473491.93500000006 5014590.56 1.36
473519.34500000003 5014590.56 11.24
472564.205 5014620.56 1.65
472591.94500000007 5014620.56 0.49
472621.93500000006 5014620.56 0.11
472651.93500000006 5014620.56 0.85
473041.93500000006 5013660.55 17.67
472681.93500000006 5014620.56 0.55
472711.93500000006 5014620.56 1.20
472741.93500000006 5014620.55 1.11
472771.93500000006 5014620.56 0.64
472801.93500000006 5014620.56 0.89
472831.92500000005 5014620.56 1.13
472861.93500000006 5014620.56 5.69
472891.93500000006 5014620.56 3.80
472921.93500000006 5014620.56 6.03
472951.92500000005 5014620.56 20.16
473071.93500000006 5013660.55 13.72
472981.93500000006 5014620.55 15.30
473011.93500000006 5014620.56 12.39
473041.93500000006 5014620.56 7.06
473071.93500000006 5014620.56 2.63
473101.93500000006 5014620.56 8.11
473131.93500000006 5014620.56 1.75
473161.93500000006 5014620.56 0.43
473191.93500000006 5014620.56 1.24
473221.93500000006 5014620.56 9.48
473251.93500000006 5014620.56 16.84
473101.93500000006 5013660.56 5.19
473281.93500000006 5014620.56 1.42
473311.93500000006 5014620.56 3.78
473341.93500000006 5014620.56 12.57
473371.93500000006 5014620.56 7.69
473401.93500000006 5014620.56 3.76
473431.93500000006 5014620.56 104.81
473461.93500000006 5014620.56 5.22
473491.93500000006 5014620.56 5.38
473519.42500000005 5014620.56 4.47
472564.275 5014650.56 0.47
473131.93500000006 5013660.55 7.97
472591.93500000006 5014650.56 1.13
472621.93500000006 5014650.56 0.77
472651.93500000006 5014650.56 0.98
472681.93500000006 5014650.56 0.96
472711.93500000006 5014650.56 0.99
472741.93500000006 5014650.56 1.50
472771.93500000006 5014650.56 1.49
472801.93500000006 5014650.56 1.97
472831.93500000006 5014650.56 3.43
472861.93500000006 5014650.56 1.60
472891.93500000006 5013571.9 10.42
473161.92500000005 5013660.55 8.15
472891.93500000006 5014650.56 2.46
472921.93500000006 5014650.56 5.53
472951.93500000006 5014650.56 2.76
472981.93500000006 5014650.56 2.93
473011.93500000006 5014650.56 7.90
473041.93500000006 5014650.56 2.84
473071.93500000006 5014650.56 8.96
473101.93500000006 5014650.56 4.87
473131.93500000006 5014650.55 5.75
473161.93500000006 5014650.55 2.06
473191.93500000006 5013660.55 14.80
473191.93500000006 5014650.56 5.45
473221.93500000006 5014650.56 7.57
473251.93500000006 5014650.56 3.51
473281.94500000007 5014650.56 8.12
473311.93500000006 5014650.56 3.24
473341.93500000006 5014650.56 5.68
473371.93500000006 5014650.56 5.03
473401.93500000006 5014650.56 5.44
473431.93500000006 5014650.56 13.75
473461.93500000006 5014650.56 8.53
473221.93500000006 5013660.55 8.25
473491.93500000006 5014650.56 14.08
473519.48500000004 5014650.56 10.29
472564.32500000007 5014680.56 1.03
472591.93500000006 5014680.56 0.78
472621.93500000006 5014680.56 1.26
472651.93500000006 5014680.56 0.94
472681.93500000006 5014680.56 2.03
472711.93500000006 5014680.55 1.97
472741.93500000006 5014680.56 1.20
472771.93500000006 5014680.56 0.90
473251.93500000006 5013660.55 2.38
472801.93500000006 5014680.56 7.58
472831.93500000006 5014680.55 2.54
472861.93500000006 5014680.56 67.90
472891.93500000006 5014680.56 4.44
472921.93500000006 5014680.56 8.70
472951.93500000006 5014680.56 23.91
472981.93500000006 5014680.56 5.87
473011.93500000006 5014680.56 2.96
473041.93500000006 5014680.56 8.79
473071.93500000006 5014680.56 4.48
473281.93500000006 5013660.55 3.16
473101.93500000006 5014680.56 32.97
473131.93500000006 5014680.56 3.58
473161.93500000006 5014680.56 3.20
473191.93500000006 5014680.56 4.15
473221.93500000006 5014680.56 9.11
473251.93500000006 5014680.56 7.78
473281.93500000006 5014680.56 2.32
473311.93500000006 5014680.56 2.54
473341.93500000006 5014680.56 25.43
473371.93500000006 5014680.56 8.09
473311.93500000006 5013660.56 4.68
473401.93500000006 5014680.56 8.06
473431.93500000006 5014680.55 5.99
473461.93500000006 5014680.56 19.31
473491.93500000006 5014680.56 8.15
473519.53500000003 5014680.56 7.09
472564.38500000007 5014710.56 1.47
472591.93500000006 5014710.56 1.15
472621.94500000007 5014710.56 1.22
472651.93500000006 5014710.56 1.22
472681.93500000006 5014710.56 0.47
473341.93500000006 5013660.56 0.98
472711.93500000006 5014710.56 1.34
472741.93500000006 5014710.56 1.35
472771.93500000006 5014710.56 0.91
472801.93500000006 5014710.55 0.83
472831.93500000006 5014710.56 11.01
472861.93500000006 5014710.56 15.50
472891.93500000006 5014710.56 7.81
472921.93500000006 5014710.56 7.59
472951.93500000006 5014710.56 36.49
472981.93500000006 5014710.56 2.21
473371.93500000006 5013660.54 8.53
473011.93500000006 5014710.56 29.81
473041.93500000006 5014710.56 10.28
473071.93500000006 5014710.56 3.20
473101.93500000006 5014710.55 4.36
473131.93500000006 5014710.56 8.90
473161.93500000006 5014710.56 7.27
473191.93500000006 5014710.55 1.86
473221.93500000006 5014710.56 8.76
473281.93500000006 5014710.56 13.30
473401.97500000003 5013660.54 1.41
473311.93500000006 5014710.56 2.46
473341.93500000006 5014710.56 3.03
473371.93500000006 5014710.56 5.12
473401.93500000006 5014710.56 7.88
473431.93500000006 5014710.56 66.30
473461.93500000006 5014710.56 4.64
473491.93500000006 5014710.56 13.35
473519.59500000003 5014710.56 247.70
472564.465 5014740.54 2.09
472591.93500000006 5014740.57 1.52
473431.93500000006 5013660.55 0.90
472621.93500000006 5014740.56 1.17
472651.93500000006 5014740.56 1.01
472681.93500000006 5014740.56 0.84
472711.93500000006 5014740.55 1.24
472741.93500000006 5014740.56 0.80
472771.93500000006 5014740.56 1.09
472801.93500000006 5014740.56 0.41
472831.93500000006 5014740.56 2.38
472861.93500000006 5014740.56 3.01
472891.93500000006 5014740.56 9.02
472921.93500000006 5013571.81 12.90
473461.93500000006 5013660.55 1.98
472921.93500000006 5014740.56 5.75
472951.93500000006 5014740.56 10.15
472981.93500000006 5014740.56 6.49
473011.93500000006 5014740.56 9.07
473041.93500000006 5014740.56 5.81
473071.93500000006 5014740.56 3.14
473101.93500000006 5014740.56 5.30
473131.92500000005 5014740.56 5.58
473161.92500000005 5014740.56 5.30
473191.93500000006 5014740.56 2.01
473491.93500000006 5013660.55 0.48
473221.93500000006 5014740.56 1.30
473251.93500000006 5014740.55 8.78
473281.94500000007 5014740.56 6.56
473311.93500000006 5014740.56 1.83
473341.93500000006 5014740.56 4.85
473371.93500000006 5014740.55 10.57
473401.94500000007 5014740.56 10.46
473431.94500000007 5014740.55 20.87
473461.93500000006 5014740.56 6.06
473491.93500000006 5014740.55 22.24
473517.395 5013660.55 0.44
473519.645 5014740.56 2.95
472564.525 5014770.56 0.69
472591.92500000005 5014770.56 2.41
472621.93500000006 5014770.56 1.29
472651.93500000006 5014770.56 0.61
472681.94500000007 5014770.56 0.99
472711.93500000006 5014770.56 1.16
472741.94500000007 5014770.56 1.08
472771.93500000006 5014770.56 1.13
472801.93500000006 5014770.56 2.16
472562.18500000006 5013690.55 12.23
472831.93500000006 5014770.57 2.53
472861.93500000006 5014770.56 2.71
472891.93500000006 5014770.56 3.64
472921.93500000006 5014770.56 6.29
472951.93500000006 5014770.56 2.96
472981.93500000006 5014770.56 2.42
473011.93500000006 5014770.56 3.31
473041.93500000006 5014770.56 2.79
473071.93500000006 5014770.56 3.06
473101.93500000006 5014770.56 7.57
472591.93500000006 5013690.55 216.99
473131.93500000006 5014770.56 3.07
473161.92500000005 5014770.56 4.33
473191.93500000006 5014770.56 5.46
473221.92500000005 5014770.56 4.54
473251.93500000006 5014770.56 1.04
473281.93500000006 5014770.56 5.79
473311.93500000006 5014770.56 1.60
473341.93500000006 5014770.56 7.85
473371.93500000006 5014770.56 21.23
473401.93500000006 5014770.56 6.67
472621.93500000006 5013690.55 64.83
473431.93500000006 5014770.56 6.94
473461.93500000006 5014770.56 2.57
473491.93500000006 5014770.56 9.78
473519.715 5014770.55 14.96
472564.60500000004 5014800.56 1.05
472591.93500000006 5014800.55 0.95
472621.93500000006 5014800.55 1.26
472651.93500000006 5014800.56 1.29
472681.93500000006 5014800.55 1.20
472711.93500000006 5014800.55 1.88
472651.93500000006 5013690.55 16.77
472741.93500000006 5014800.55 0.50
472771.93500000006 5014800.55 1.84
472801.93500000006 5014800.55 2.60
472831.93500000006 5014800.55 1.58
472861.93500000006 5014800.55 79.30
472891.93500000006 5014800.55 8.19
472921.93500000006 5014800.55 2.23
472951.93500000006 5014800.55 24.46
472981.93500000006 5014800.55 0.93
473011.94500000007 5014800.55 1.06
472681.93500000006 5013691.4799999995 14.55
473041.93500000006 5014800.55 1.76
473071.93500000006 5014800.55 2.19
473101.93500000006 5014800.55 4.26
473131.93500000006 5014800.55 3.94
473161.93500000006 5014800.55 3.27
473191.93500000006 5014800.55 6.16
473221.93500000006 5014800.55 7.50
473251.93500000006 5014800.55 4.11
473281.93500000006 5014800.55 11.48
473311.93500000006 5014800.55 3.13
472711.93500000006 5013690.55 10.92
473341.93500000006 5014800.55 4.06
473371.93500000006 5014800.55 15.67
473401.93500000006 5014800.55 24.04
473431.93500000006 5014800.55 3.38
473461.93500000006 5014800.55 21.46
473491.93500000006 5014800.55 6.52
473519.775 5014800.55 6.56
472564.66500000004 5014830.55 2.62
472591.93500000006 5014830.55 0.91
472621.93500000006 5014830.55 2.47
472741.93500000006 5013690.55 12.94
472651.93500000006 5014830.55 2.40
472681.93500000006 5014830.55 2.16
472711.93500000006 5014830.55 1.06
472741.93500000006 5014830.55 1.25
472771.93500000006 5014830.55 1.80
472801.92500000005 5014830.55 3.54
472831.93500000006 5014830.55 1.80
472861.93500000006 5014830.55 3.75
472891.93500000006 5014830.55 4.65
472921.93500000006 5014830.55 2.57
472951.93500000006 5013571.77 46.99
472771.93500000006 5013690.55 7.53
472951.93500000006 5014830.55 1.42
472981.93500000006 5014830.55 1.43
473011.93500000006 5014830.55 1.61
473041.93500000006 5014830.55 1.12
473071.93500000006 5014830.55 1.54
473101.94500000007 5014830.55 3.40
473131.93500000006 5014830.55 4.92
473161.93500000006 5014830.55 5.37
473191.93500000006 5014830.55 3.38
473221.93500000006 5014830.56 3.82
472801.93500000006 5013690.55 36.05
473251.93500000006 5014830.55 2.57
473281.93500000006 5014830.55 4.50
473311.93500000006 5014830.55 3.09
473341.93500000006 5014830.55 23.62
473371.93500000006 5014830.55 14.47
473401.93500000006 5014830.55 13.40
473431.93500000006 5014830.55 5.24
473461.93500000006 5014830.55 58.86
473491.93500000006 5014830.55 24.41
473519.85500000004 5014830.55 8.66
472831.93500000006 5013690.55 8.96
472564.72500000003 5014860.55 20.31
472591.94500000007 5014860.55 14.14
472621.93500000006 5014860.55 3.19
472651.93500000006 5014860.55 27.67
472681.93500000006 5014860.55 13.95
472711.93500000006 5014860.55 9.66
472741.93500000006 5014860.55 2.75
472771.93500000006 5014860.55 3.30
472801.93500000006 5014860.55 4.32
472831.93500000006 5014860.55 2.80
472861.93500000006 5013690.55 25.04
472861.93500000006 5014860.55 5.48
472891.93500000006 5014860.55 3.86
472921.93500000006 5014860.55 8.43
472951.93500000006 5014860.55 11.63
472981.93500000006 5014860.55 8.12
473011.93500000006 5014860.55 2.77
473041.93500000006 5014860.55 2.91
473071.93500000006 5014860.55 4.35
473101.93500000006 5014860.55 2.52
473131.93500000006 5014860.55 3.04
472891.93500000006 5013690.55 23.35
473161.93500000006 5014860.55 4.28
473191.93500000006 5014860.55 9.35
473221.93500000006 5014860.55 4.44
473251.93500000006 5014860.56 4.51
473281.93500000006 5014860.55 20.97
473311.93500000006 5014860.55 4.18
473341.93500000006 5014860.55 4.74
473371.93500000006 5014860.55 6.82
473401.93500000006 5014860.55 12.30
473431.93500000006 5014860.55 7.87
472921.93500000006 5013690.55 7.25
473461.93500000006 5014860.55 2.01
473491.93500000006 5014860.55 62.83
473519.91500000004 5014860.55 44.53
472564.80500000005 5014890.55 2.31
472591.93500000006 5014890.55 12.89
472621.93500000006 5014890.55 1.33
472651.93500000006 5014890.55 3.80
472681.93500000006 5014890.55 3.51
472711.93500000006 5014890.55 6.22
472741.93500000006 5014890.55 1.84
472951.93500000006 5013690.56 9.55
472771.93500000006 5014890.55 1.70
472801.93500000006 5014890.55 2.63
472831.93500000006 5014890.55 1.79
472861.93500000006 5014890.55 7.24
472891.93500000006 5014890.55 2.91
472921.93500000006 5014890.55 115.49
472951.93500000006 5014890.55 2.37
472981.93500000006 5014890.55 2.78
473011.93500000006 5014890.55 3.69
473041.93500000006 5014890.55 1.82
472981.92500000005 5013690.55 12.58
473071.93500000006 5014890.55 4.80
473101.93500000006 5014890.55 1.66
473131.93500000006 5014890.55 1.39
473161.93500000006 5014890.55 2.79
473191.93500000006 5014890.55 3.40
473221.93500000006 5014890.55 3.84
473251.93500000006 5014890.55 6.44
473281.93500000006 5014890.55 8.72
473311.93500000006 5014890.55 7.85
473341.93500000006 5014890.55 16.42
473011.93500000006 5013690.55 16.42
473371.93500000006 5014890.55 7.29
473401.93500000006 5014890.55 21.63
473431.93500000006 5014890.55 13.96
473461.94500000007 5014890.55 11.56
473491.93500000006 5014890.55 15.16
473519.97500000003 5014890.55 11.24
472564.85500000004 5014920.55 1.01
472591.93500000006 5014920.55 2.10
472621.93500000006 5014920.56 1.82
472651.93500000006 5014920.55 1.05
473041.93500000006 5013690.55 12.72
472681.93500000006 5014920.55 3.33
472711.93500000006 5014920.55 2.77
472741.93500000006 5014920.55 1.90
472771.93500000006 5014920.55 1.64
472801.93500000006 5014920.55 3.44
472831.93500000006 5014920.55 1.34
472861.93500000006 5014920.55 2.68
472891.93500000006 5014920.55 7.31
472921.93500000006 5014920.55 9.18
472951.93500000006 5014920.55 2.91
472981.93500000006 5013571.69 35.81
473071.93500000006 5013690.55 801.05
472981.92500000005 5014920.55 2.96
473011.93500000006 5014920.55 1.25
473041.94500000007 5014920.55 1.90
473071.94500000007 5014920.55 5.01
473101.93500000006 5014920.56 2.54
473131.93500000006 5014920.55 1.79
473161.93500000006 5014920.55 2.73
473191.93500000006 5014920.55 1.94
473221.93500000006 5014920.55 3.41
473251.93500000006 5014920.55 5.67
473101.93500000006 5013690.55 6.67
473281.93500000006 5014920.55 9.01
473311.93500000006 5014920.54 11.65
473341.93500000006 5014920.55 11.15
473371.93500000006 5014920.56 37.25
473401.93500000006 5014920.55 13.62
473431.93500000006 5014920.55 42.72
473461.93500000006 5014920.55 6.22
473491.93500000006 5014920.55 17.99
473520.025 5014920.55 68.55
472564.92500000005 5014941.96 1.54
473131.93500000006 5013690.55 14.12
472591.93500000006 5014941.9 1.22
472621.94500000007 5014941.85 1.47
472651.93500000006 5014941.78 2.02
472681.94500000007 5014941.7 0.89
472711.93500000006 5014941.66 50.41
472741.93500000006 5014941.59 2.36
472771.93500000006 5014941.52 3.49
472801.93500000006 5014941.47 0.96
472831.93500000006 5014941.4 3.61
472861.93500000006 5014941.35 1.25
473161.93500000006 5013690.55 4.26
472891.94500000007 5014941.28 3.84
472921.93500000006 5014941.19 38.30
472951.91500000004 5014941.14 5.80
472981.92500000005 5014941.09 3.57
473011.94500000007 5014941.01 21.82
473041.94500000007 5014940.95 4.28
473071.93500000006 5014940.88 1.45
473101.955 5014940.83 0.84
473131.93500000006 5014940.77 1.45
473161.92500000005 5014940.69 1.77
473191.93500000006 5013690.55 99.92
473191.93500000006 5014940.63 15.41
473221.91500000004 5014940.57 90.46
473251.93500000006 5014940.51 6.23
473281.94500000007 5014940.44 31.91
473311.93500000006 5014940.38 6.30
473341.93500000006 5014940.31 7.44
473371.92500000005 5014940.24 20.88
473401.94500000007 5014940.19 16.85
473431.92500000005 5014940.12 5.32
473461.93500000006 5014940.06 7.50
473221.93500000006 5013690.55 15.15
473491.94500000007 5014939.99 7.96
473520.06500000006 5014939.93 12.13
473251.93500000006 5013690.55 24.01
473281.93500000006 5013690.55 6.94
473311.93500000006 5013690.55 2.28
473341.93500000006 5013690.56 0.79
473011.93500000006 5013571.63 11.35
473371.93500000006 5013690.57 1.97
473401.93500000006 5013690.55 7.38
473431.93500000006 5013690.55 0.93
473461.94500000007 5013690.55 1.05
473491.93500000006 5013690.55 1.71
473517.465 5013690.56 3.91
472562.265 5013720.55 12.21
472591.93500000006 5013720.55 53.72
472621.93500000006 5013720.55 13.15
472651.93500000006 5013720.55 16.98
473041.93500000006 5013571.55 13.38
472681.93500000006 5013720.55 17.32
472711.93500000006 5013720.55 20.34
472741.93500000006 5013720.54 11.32
472771.93500000006 5013720.55 9.87
472801.965 5013720.53 12.09
472831.93500000006 5013720.55 3.12
472861.93500000006 5013720.55 33.70
472891.93500000006 5013720.55 16.53
472921.93500000006 5013720.55 23.92
472951.93500000006 5013720.55 12.35
473071.93500000006 5013571.51 24.00
472981.93500000006 5013720.55 7.83
473011.93500000006 5013720.55 11.42
473041.93500000006 5013720.55 27.91
473071.93500000006 5013720.55 74.78
473101.93500000006 5013720.55 8.42
473131.93500000006 5013720.55 7.36
473161.93500000006 5013720.55 3.49
473191.93500000006 5013720.55 17.87
473221.93500000006 5013720.55 9.49
473251.93500000006 5013720.55 558.18
473101.93500000006 5013571.46 16.16
473281.93500000006 5013720.55 20.28
473311.93500000006 5013720.55 3.42
473341.93500000006 5013720.55 2.18
473371.93500000006 5013720.55 1.26
473401.93500000006 5013720.55 1.37
473431.93500000006 5013720.54 1.16
473461.93500000006 5013720.55 1.18
473491.93500000006 5013720.55 2.87
473517.515 5013720.54 7.17
472562.32500000007 5013750.55 6.83
472591.93500000006 5013572.52 21.79
473131.94500000007 5013571.38 104.39
472591.93500000006 5013750.55 4.25
472621.94500000007 5013750.54 19.66
472651.93500000006 5013750.55 10.08
472681.93500000006 5013750.55 189.59
472711.93500000006 5013750.55 32.94
472741.93500000006 5013750.55 18.55
472771.93500000006 5013750.55 7.01
472801.93500000006 5013750.55 21.82
472831.93500000006 5013750.55 3.35
472861.93500000006 5013750.56 14.71
473161.93500000006 5013571.33 1.28
472891.93500000006 5013750.55 15.46
472921.93500000006 5013750.55 1.19
472951.92500000005 5013750.55 1.28
472981.93500000006 5013750.55 8.64
473011.93500000006 5013750.55 34.46
473041.93500000006 5013750.55 7.48
473071.94500000007 5013750.55 4.32
473101.93500000006 5013750.55 8.48
473131.93500000006 5013750.55 16.70
473161.93500000006 5013750.55 7.11
473191.93500000006 5013571.24 25.34
473191.93500000006 5013750.55 5.61
473221.93500000006 5013750.55 4.50
473251.93500000006 5013750.55 7.07
473281.93500000006 5013750.56 3.40
473311.93500000006 5013750.55 8.36
473341.93500000006 5013750.54 3.46
473371.93500000006 5013750.55 5.14
473401.93500000006 5013750.55 1.10
473431.93500000006 5013750.56 1.57
473461.93500000006 5013750.54 1.54
473221.92500000005 5013571.18 13.54
473491.93500000006 5013750.56 1.17
473517.57500000007 5013750.55 1.52
472562.38500000007 5013780.56 13.37
472591.93500000006 5013780.56 15.86
472621.94500000007 5013780.56 17.17
472651.93500000006 5013780.56 10.98
472681.93500000006 5013780.56 17.09
472711.93500000006 5013780.56 32.72
472741.91500000004 5013780.56 14.86
472771.93500000006 5013780.56 12.04
473251.93500000006 5013571.12 1.90
472801.93500000006 5013780.56 4.07
472831.93500000006 5013780.56 7.98
472861.93500000006 5013780.56 70.19
472891.93500000006 5013780.56 1.17
472921.94500000007 5013780.55 36.21
472951.93500000006 5013780.55 11.24
472981.93500000006 5013780.56 21.06
473011.93500000006 5013780.56 7.63
473041.93500000006 5013780.56 10.98
473071.93500000006 5013780.56 6.44
473281.92500000005 5013571.05 8.31
473101.93500000006 5013780.56 18.70
473131.93500000006 5013780.55 61.41
473161.93500000006 5013780.56 9.27
473191.93500000006 5013780.56 7.74
473221.93500000006 5013780.56 3.34
473251.93500000006 5013780.56 268.74
473281.93500000006 5013780.56 9.84
473311.93500000006 5013780.56 7.03
473341.93500000006 5013780.55 3.17
473371.94500000007 5013780.56 4.39
473311.93500000006 5013570.99 0.70
473401.93500000006 5013780.55 3.94
473431.93500000006 5013780.56 11.01
473461.955 5013780.56 1.02
473491.93500000006 5013780.54 15.80
473517.67500000005 5013780.56 3.14
472562.455 5013810.56 12.93
472591.93500000006 5013810.56 8.32
472621.93500000006 5013810.56 20.68
472651.93500000006 5013810.56 9.56
472681.93500000006 5013810.56 22.90
473341.94500000007 5013570.92 0.96
472711.94500000007 5013810.56 37.79
472741.93500000006 5013810.56 109.36
472771.93500000006 5013810.56 13.06
472801.93500000006 5013810.56 10.70
472831.93500000006 5013810.56 38.38
472861.93500000006 5013810.56 17.58
472891.93500000006 5013810.56 3.03
472921.92500000005 5013810.56 38.01
472951.93500000006 5013810.56 8.53
472981.93500000006 5013810.56 14.88
473371.93500000006 5013570.86 0.74
473011.93500000006 5013810.56 7.39
473041.93500000006 5013810.56 31.21
473071.93500000006 5013810.56 20.95
473101.93500000006 5013810.56 14.84
473131.93500000006 5013810.56 11.57
473161.93500000006 5013810.56 3.25
473191.93500000006 5013810.56 2.60
473221.93500000006 5013810.56 6.04
473251.93500000006 5013810.56 28.19
473281.93500000006 5013810.56 7.77
473401.93500000006 5013570.79 0.69
473311.93500000006 5013810.56 1.73
473341.94500000007 5013810.57 7.62
473371.93500000006 5013810.56 3.70
473401.94500000007 5013810.56 4.65
473431.93500000006 5013810.56 1.71
473461.93500000006 5013810.56 1.58
473491.93500000006 5013810.57 2.02
473517.69500000007 5013810.58 4.73
472562.515 5013840.56 31.64
472591.93500000006 5013840.55 22.30
472621.93500000006 5013572.47 20.70
473431.92500000005 5013570.7299999995 3.14
472621.93500000006 5013840.56 9.83
472651.93500000006 5013840.56 24.65
472681.94500000007 5013840.56 56.41
472711.94500000007 5013840.56 255.33
472741.93500000006 5013840.56 7.99
472771.93500000006 5013840.56 8.57
472801.93500000006 5013840.55 71.08
472831.93500000006 5013840.56 14.10
472861.93500000006 5013840.56 19.36
472891.93500000006 5013840.56 5.99
473461.93500000006 5013570.69 0.12
472921.93500000006 5013840.56 60.95
472951.92500000005 5013840.55 15.24
472981.93500000006 5013840.56 3.94
473011.93500000006 5013840.56 13.47
473041.93500000006 5013840.56 2.31
473071.93500000006 5013840.56 2.65
473101.93500000006 5013840.55 11.00
473131.92500000005 5013840.56 10.32
473161.93500000006 5013840.55 4.55
473191.93500000006 5013840.56 25.21
473491.94500000007 5013570.61 0.51
473221.93500000006 5013840.56 38.07
473251.93500000006 5013840.55 19.27
473281.93500000006 5013840.56 6.46
473311.93500000006 5013840.56 2.42
473341.93500000006 5013840.56 5.77
473371.93500000006 5013840.55 299.37
473401.93500000006 5013840.56 13.69
473431.94500000007 5013840.56 3.08
473461.93500000006 5013840.56 5.03
473491.93500000006 5013840.56 4.68
473517.215 5013570.55 5.01
473517.765 5013840.56 7.09
472562.585 5013870.56 3.75
472591.93500000006 5013870.56 38.11
472621.93500000006 5013870.56 32.87
472651.93500000006 5013870.56 25.23
472681.93500000006 5013870.56 126.13
472711.93500000006 5013870.56 3.48
472741.93500000006 5013870.56 24.12
472771.93500000006 5013870.56 22.95
472801.93500000006 5013870.56 15.68
472562.00500000006 5013600.55 134.43
472831.93500000006 5013870.56 16.68
472861.93500000006 5013870.56 18.59
472891.93500000006 5013870.56 15.82
472921.93500000006 5013870.56 14.48
472951.93500000006 5013870.56 10.85
472981.93500000006 5013870.56 7.37
473011.93500000006 5013870.56 9.57
473041.93500000006 5013870.56 6.25
473071.93500000006 5013870.56 12.48
473101.93500000006 5013870.56 6.58
472591.93500000006 5013600.55 15.24
473131.93500000006 5013870.56 9.29
473161.93500000006 5013870.56 13.61
473191.93500000006 5013870.56 8.06
473221.93500000006 5013870.56 41.07
473251.93500000006 5013870.56 8.02
473281.93500000006 5013870.55 4.61
473311.905 5013870.56 3.59
473341.93500000006 5013870.55 4.33
473371.93500000006 5013870.56 4.45
473401.93500000006 5013870.56 9.65
472621.93500000006 5013600.56 5.12
473431.93500000006 5013870.56 4.67
473461.93500000006 5013870.56 4.70
473491.93500000006 5013870.56 4.12
473517.835 5013870.56 10.27
472562.63500000007 5013900.56 15.53
472591.93500000006 5013900.56 9.33
472621.93500000006 5013900.56 9.23
472651.93500000006 5013900.56 26.11
472681.93500000006 5013900.56 71.40
472711.93500000006 5013900.56 5.36
472651.93500000006 5013600.55 18.62
472741.93500000006 5013900.56 28.88
472771.93500000006 5013900.55 14.64
472801.93500000006 5013900.55 45.34
472831.93500000006 5013900.56 11.66
472861.93500000006 5013900.56 15.20
472891.93500000006 5013900.56 29.06
472921.93500000006 5013900.55 12.29
472951.92500000005 5013900.56 17.34
472981.93500000006 5013900.56 11.90
473011.93500000006 5013900.56 11.40
472681.94500000007 5013600.55 31.00
473041.93500000006 5013900.56 29.84
473071.93500000006 5013900.56 7.44
473101.93500000006 5013900.56 4.24
473131.93500000006 5013900.56 27.45
473161.93500000006 5013900.56 6.35
473191.93500000006 5013900.56 17.92
473221.93500000006 5013900.56 66.90
473251.93500000006 5013900.56 11.98
473281.93500000006 5013900.56 6.81
473311.93500000006 5013900.56 2.79
472711.93500000006 5013600.55 80.40
473341.93500000006 5013900.55 3.95
473371.93500000006 5013900.56 3.56
473401.93500000006 5013900.56 5.94
473431.93500000006 5013900.56 4.42
473461.93500000006 5013900.56 1.95
473491.93500000006 5013900.56 2.11
473517.895 5013900.56 2.42
472562.715 5013930.56 16.93
472591.93500000006 5013930.56 26.44
472621.93500000006 5013930.56 57.40
472651.93500000006 5013572.42 1.62
472741.93500000006 5013600.55 13.38
472651.93500000006 5013930.55 9.81
472681.93500000006 5013930.56 35.13
472711.93500000006 5013930.56 20.22
472741.93500000006 5013930.56 18.51
472771.93500000006 5013930.55 11.01
472801.93500000006 5013930.56 106.60
472831.93500000006 5013930.56 9.26
472861.93500000006 5013930.55 7.06
472891.93500000006 5013930.56 6.32
472921.93500000006 5013930.55 13.43
472771.93500000006 5013600.55 15.07
472951.92500000005 5013930.56 69.35
472981.92500000005 5013930.56 62.88
473011.93500000006 5013930.56 9.37
473041.93500000006 5013930.56 23.86
473071.93500000006 5013930.56 20.22
473101.93500000006 5013930.55 4.26
473131.93500000006 5013930.56 3.56
473161.93500000006 5013930.56 3.47
473191.93500000006 5013930.55 3.85
473221.93500000006 5013930.56 4.03
472801.93500000006 5013600.55 13.45
473251.93500000006 5013930.56 3.22
473281.94500000007 5013930.56 12.37
473311.94500000007 5013930.56 2.62
473341.93500000006 5013930.56 21.73
473371.93500000006 5013930.56 5.52
473401.93500000006 5013930.56 15.55
473431.93500000006 5013930.56 10.65
473461.93500000006 5013930.56 2.03
473491.93500000006 5013930.56 36.79
473517.965 5013930.55 1.01
472831.93500000006 5013600.55 38.36
472562.765 5013960.55 29.07
472591.94500000007 5013960.56 37.80
472621.93500000006 5013960.55 16.00
472651.93500000006 5013960.56 74.15
472681.93500000006 5013960.56 9.80
472711.93500000006 5013960.56 11.98
472741.93500000006 5013960.56 51.91
472771.93500000006 5013960.56 3.50
472801.93500000006 5013960.56 32.38
472831.93500000006 5013960.56 25.72
472861.93500000006 5013600.55 2.48
472861.93500000006 5013960.56 8.19
472891.93500000006 5013960.56 16.86
472921.93500000006 5013960.56 13.28
472951.92500000005 5013960.56 20.97
472981.93500000006 5013960.56 45.25
473011.93500000006 5013960.56 16.44
473041.93500000006 5013960.56 5.73
473071.93500000006 5013960.56 8.63
473101.93500000006 5013960.56 5.69
473131.92500000005 5013960.56 6.05
472891.93500000006 5013600.56 12.83
473161.93500000006 5013960.56 404.46
473191.93500000006 5013960.56 7.42
473221.93500000006 5013960.56 91.08
473251.93500000006 5013960.56 5.08
473281.92500000005 5013960.55 3.70
473311.94500000007 5013960.56 3.15
473341.93500000006 5013960.56 6.44
473371.94500000007 5013960.56 30.69
473401.93500000006 5013960.56 13.47
473431.93500000006 5013960.56 3.96
472921.93500000006 5013600.55 19.80
473461.93500000006 5013960.56 6.33
473491.94500000007 5013960.56 11.10
473518.025 5013960.55 1.68
472562.835 5013990.56 6.59
472591.93500000006 5013990.56 7.40
472621.93500000006 5013990.56 2.99
472651.93500000006 5013990.56 2.94
472681.94500000007 5013990.56 13.76
472711.93500000006 5013990.56 10.53
472741.93500000006 5013990.55 15.69
472951.93500000006 5013600.55 12.63
472771.93500000006 5013990.56 3.10
472801.93500000006 5013990.56 239.36
472831.93500000006 5013990.56 8.17
472861.93500000006 5013990.55 6.10
472891.93500000006 5013990.56 11.18
472921.93500000006 5013990.56 21.23
472951.93500000006 5013990.56 19.55
472981.93500000006 5013990.56 4.62
473011.93500000006 5013990.56 29.70
473041.93500000006 5013990.56 44.05
472981.92500000005 5013600.55 7.54
473071.93500000006 5013990.56 3.10
473101.93500000006 5013990.56 3.85
473131.93500000006 5013990.56 27.10
473161.92500000005 5013990.56 12.19
473191.93500000006 5013990.56 259.88
473221.92500000005 5013990.55 210.55
473251.93500000006 5013990.56 4.78
473281.94500000007 5013990.56 3.68
473311.93500000006 5013990.56 4.20
473341.94500000007 5013990.56 10.60
473011.93500000006 5013600.56 2.31
473371.93500000006 5013990.56 9.13
473401.93500000006 5013990.55 5.42
473431.92500000005 5013990.56 4.12
473461.955 5013990.56 3.69
473491.93500000006 5013990.56 1.65
473518.085 5013990.56 5.95
472562.905 5014020.56 6.46
472591.93500000006 5014020.56 4.53
472621.93500000006 5014020.56 6.51
472651.94500000007 5014020.56 36.93
472681.93500000006 5013572.35 14.22
473041.93500000006 5013600.55 2.26
472681.93500000006 5014020.56 1.68
472711.93500000006 5014020.55 3.80
472741.93500000006 5014020.56 14.14
472771.93500000006 5014020.56 3.65
472801.93500000006 5014020.56 16.78
472831.93500000006 5014020.56 38.94
472861.93500000006 5014020.55 10.40
472891.93500000006 5014020.56 2.55
472921.93500000006 5014020.56 5.71
472951.94500000007 5014020.56 92.34
473071.895 5013600.55 17.64
472981.93500000006 5014020.56 4.56
473011.93500000006 5014020.56 12.68
473041.93500000006 5014020.56 33.27
473071.93500000006 5014020.56 2.59
473101.93500000006 5014020.56 2.56
473131.93500000006 5014020.56 3.97
473161.93500000006 5014020.56 4.19
473191.92500000005 5014020.56 4.97
473221.93500000006 5014020.56 9.03
473251.93500000006 5014020.56 5.24
473101.965 5013600.54 23.03
473281.94500000007 5014020.56 23.15
473311.94500000007 5014020.55 6.21
473341.93500000006 5014020.56 38.50
473371.94500000007 5014020.56 4.01
473401.93500000006 5014020.56 3.84
473431.92500000005 5014020.56 7.02
473461.93500000006 5014020.56 0.48
473491.93500000006 5014020.56 3.63
473518.145 5014020.56 4.83
472562.965 5014050.56 4.60
473131.93500000006 5013600.55 19.37
472591.93500000006 5014050.56 10.40
472621.93500000006 5014050.56 2.68
472651.93500000006 5014050.56 2.55
472681.93500000006 5014050.56 4.68
472711.93500000006 5014050.56 7.37
472741.94500000007 5014050.56 12.93
472771.93500000006 5014050.56 24.99
472801.93500000006 5014050.55 14.09
472831.93500000006 5014050.56 23.89
472861.93500000006 5014050.56 9.45
473161.93500000006 5013600.55 6.81
472891.93500000006 5014050.55 3.30
472921.94500000007 5014050.55 23.26
472951.93500000006 5014050.56 6.97
472981.92500000005 5014050.57 11.40
473011.93500000006 5014050.56 17.61
473041.93500000006 5014050.56 4.38
473071.94500000007 5014050.56 19.77
473101.93500000006 5014050.56 246.03
473131.93500000006 5014050.56 5.08
473161.93500000006 5014050.56 6.39
473191.93500000006 5013600.56 3.27
473191.93500000006 5014050.56 8.53
473221.93500000006 5014050.55 5.60
473251.93500000006 5014050.56 5.75
473281.93500000006 5014050.56 18.46
473311.93500000006 5014050.56 6.78
473341.94500000007 5014050.55 3.15
473371.93500000006 5014050.56 3.61
473401.93500000006 5014050.56 6.70
473431.93500000006 5014050.56 5.52
473461.93500000006 5014050.56 32.84
473221.93500000006 5013600.55 7.31
473491.93500000006 5014050.56 30.78
473518.215 5014050.55 4.36
472563.06500000006 5014080.56 20.37
472591.93500000006 5014080.56 9.90
472621.93500000006 5014080.56 10.13
472651.93500000006 5014080.56 30.32
472681.93500000006 5014080.56 6.22
472711.93500000006 5014080.56 5.59
472741.94500000007 5014080.56 8.33
472771.93500000006 5014080.56 5.56
473251.93500000006 5013600.55 15.32
472801.93500000006 5014080.56 6.84
472831.93500000006 5014080.56 116.18
472861.93500000006 5014080.56 7.06
472891.93500000006 5014080.56 8.02
472921.93500000006 5014080.56 4.84
472951.93500000006 5014080.56 17.21
472981.93500000006 5014080.56 13.47
473011.93500000006 5014080.56 17.24
473041.93500000006 5014080.56 2.04
473071.93500000006 5014080.56 5.77
473281.93500000006 5013600.55 17.65
473101.93500000006 5014080.56 11.91
473131.93500000006 5014080.56 13.32
473161.92500000005 5014080.56 19.16
473191.93500000006 5014080.56 11.07
473221.93500000006 5014080.56 4.59
473251.93500000006 5014080.56 11.90
473281.93500000006 5014080.56 8.53
473311.93500000006 5014080.56 4.81
473341.93500000006 5014080.56 5.73
473371.93500000006 5014080.56 3.13
473311.93500000006 5013600.55 1.52
473401.93500000006 5014080.56 4.80
473431.93500000006 5014080.56 8.19
473461.93500000006 5014080.56 5.91
473491.93500000006 5014080.56 2.91
473518.28500000003 5014080.56 4.26
472563.09500000003 5014110.56 13.23
472591.93500000006 5014110.56 10.48
472621.93500000006 5014110.56 8.56
472651.93500000006 5014110.55 10.86
472681.93500000006 5014110.56 3.33
472711.94500000007 5013572.26 59.80
473341.93500000006 5013600.55 2.45
472711.93500000006 5014110.56 16.17
472741.93500000006 5014110.56 9.09
472771.93500000006 5014110.56 11.93
472801.93500000006 5014110.56 10.40
472831.93500000006 5014110.56 13.05
472861.93500000006 5014110.56 7.08
472891.93500000006 5014110.56 10.26
472921.93500000006 5014110.56 10.55
472951.93500000006 5014110.56 3.48
472981.93500000006 5014110.55 53.70
473371.94500000007 5013600.55 2.59
473011.93500000006 5014110.56 9.55
473041.93500000006 5014110.56 5.07
473071.93500000006 5014110.56 1.05
473101.93500000006 5014110.56 3.08
473131.93500000006 5014110.56 6.30
473161.93500000006 5014110.56 22.37
473191.93500000006 5014110.56 6.94
473221.93500000006 5014110.56 40.60
473251.93500000006 5014110.56 2.95
473281.93500000006 5014110.56 5.27
473401.93500000006 5013600.55 4.12
473311.93500000006 5014110.56 13.22
473341.93500000006 5014110.56 3.75
473371.93500000006 5014110.56 8.35
473401.93500000006 5014110.56 3.06
473431.93500000006 5014110.56 3.33
473461.93500000006 5014110.56 4.37
473491.93500000006 5014110.56 7.50
473518.35500000004 5014110.55 6.75
472563.16500000004 5014140.56 13.59
472591.94500000007 5014140.56 5.68
473431.94500000007 5013600.55 2.16
472621.93500000006 5014140.56 3.73
472651.94500000007 5014140.56 1.58
472681.94500000007 5014140.56 4.37
472711.93500000006 5014140.56 9.13
472741.93500000006 5014140.55 24.08
472771.93500000006 5014140.56 4.59
472801.93500000006 5014140.56 19.55
472831.93500000006 5014140.56 11.30
472861.93500000006 5014140.56 2.67
472891.93500000006 5014140.56 6.48
473461.92500000005 5013600.56 0.00
472921.93500000006 5014140.56 5.88
472951.93500000006 5014140.56 12.49
472981.93500000006 5014140.56 4.56
473011.93500000006 5014140.56 2.50
473041.93500000006 5014140.56 1.87
473071.93500000006 5014140.56 0.56
473101.93500000006 5014140.56 1.65
473131.93500000006 5014140.56 1.24
473161.93500000006 5014140.56 8.87
473191.93500000006 5014140.55 4.81
473491.93500000006 5013600.55 0.40
473221.93500000006 5014140.56 11.87
473251.93500000006 5014140.56 1.30
473281.93500000006 5014140.56 5.03
473311.93500000006 5014140.56 5.42
473341.93500000006 5014140.56 8.12
473371.92500000005 5014140.56 1.55
473401.93500000006 5014140.56 2.86
473431.93500000006 5014140.56 1.92
473461.93500000006 5014140.56 6.87
473491.93500000006 5014140.56 6.61
473517.275 5013600.55 0.38
473518.405 5014140.55 7.82
472563.23500000004 5014170.55 38.74
472591.94500000007 5014170.56 6.21
472621.93500000006 5014170.56 12.06
472651.93500000006 5014170.56 19.43
472681.93500000006 5014170.56 22.64
472711.93500000006 5014170.55 28.22
472741.93500000006 5014170.56 13.92
472771.93500000006 5014170.56 3.80
472801.93500000006 5014170.56 2.45
472562.05500000005 5013630.55 6.39
472831.93500000006 5014170.56 5.79
472861.93500000006 5014170.56 4.43
472891.93500000006 5014170.56 2.99
472921.94500000007 5014170.56 13.32
472951.92500000005 5014170.55 3.84
472981.93500000006 5014170.55 4.48
473011.93500000006 5014170.56 18.31
473041.93500000006 5014170.56 3.46
473071.93500000006 5014170.56 0.56
473101.93500000006 5014170.56 1.40
472591.93500000006 5013630.55 62.13
473131.93500000006 5014170.55 4.72
473161.93500000006 5014170.56 2.77
473191.93500000006 5014170.56 17.21
473221.93500000006 5014170.56 132.08
473251.93500000006 5014170.56 2.69
473281.94500000007 5014170.55 5.63
473311.93500000006 5014170.56 8.06
473341.93500000006 5014170.56 35.67
473371.93500000006 5014170.56 51.63
473401.94500000007 5014170.55 11.51
472621.93500000006 5013630.55 8.45
473431.93500000006 5014170.55 5.98
473461.93500000006 5014170.56 2.74
473491.93500000006 5014170.56 11.03
473518.465 5014170.56 5.90
472563.30500000005 5014200.56 5.62
472591.93500000006 5014200.56 3.79
472621.94500000007 5014200.56 9.03
472651.93500000006 5014200.55 28.19
472681.93500000006 5014200.56 7.20
472711.93500000006 5014200.56 10.66
472741.93500000006 5013572.21 9.02
472651.93500000006 5013630.55 18.16
472741.93500000006 5014200.56 12.03
472771.93500000006 5014200.56 2.07
472801.93500000006 5014200.56 3.24
472831.93500000006 5014200.56 3.82
472861.93500000006 5014200.56 3.09
472891.93500000006 5014200.56 4.44
472921.93500000006 5014200.55 52.47
472951.92500000005 5014200.56 13.90
472981.93500000006 5014200.56 14.95
473011.93500000006 5014200.56 35.51
472681.93500000006 5013630.55 13.18
473041.93500000006 5014200.56 4.05
473071.93500000006 5014200.56 0.99
473101.93500000006 5014200.56 5.61
473131.93500000006 5014200.56 3.49
473161.93500000006 5014200.56 7.68
473191.93500000006 5014200.55 2.59
473221.93500000006 5014200.56 4.33
473251.93500000006 5014200.56 9.05
473281.93500000006 5014200.55 2.42
473311.94500000007 5014200.56 9.21
472711.93500000006 5013630.55 82.92
473341.93500000006 5014200.56 13.70
473371.94500000007 5014200.56 0.41
473401.93500000006 5014200.56 2.03
473431.93500000006 5014200.56 2.34
473461.93500000006 5014200.56 5.92
473491.94500000007 5014200.56 4.78
473518.53500000003 5014200.56 13.18
472563.37500000006 5014230.55 27.27
472591.93500000006 5014230.55 6.17
472621.93500000006 5014230.55 7.07
472741.93500000006 5013630.55 14.88
472651.93500000006 5014230.55 17.07
472681.93500000006 5014230.55 28.05
472711.93500000006 5014230.55 9.95
472741.93500000006 5014230.55 3.36
472771.93500000006 5014230.55 4.34
472831.93500000006 5014230.56 13.13
472861.93500000006 5014230.55 33.50
472891.93500000006 5014230.56 8.18
472921.93500000006 5014230.55 11.77
472771.93500000006 5013630.56 12.86
472951.93500000006 5014230.55 4.45
472981.93500000006 5014230.55 5.64
473011.94500000007 5014230.55 10.14
473041.93500000006 5014230.55 8.54
473071.93500000006 5014230.55 4.84
473101.93500000006 5014230.55 3.30
473131.93500000006 5014230.55 4.47
473161.93500000006 5014230.55 2.70
473191.93500000006 5014230.55 5.42
473221.93500000006 5014230.55 40.02
472801.93500000006 5013630.55 25.70
473251.93500000006 5014230.55 4.87
473281.94500000007 5014230.56 4.29
473311.93500000006 5014230.55 3.97
473341.93500000006 5014230.55 3.65
473371.94500000007 5014230.55 0.72
473401.93500000006 5014230.55 0.73
473431.94500000007 5014230.56 8.61
473461.93500000006 5014230.55 6.65
473491.93500000006 5014230.55 5.60
473518.585 5014230.55 10.03
472831.93500000006 5013630.55 5.60
472563.43500000006 5014260.56 2.45
472591.93500000006 5014260.56 3.17
472621.93500000006 5014260.56 4.91
472651.93500000006 5014260.56 7.13
472681.94500000007 5014260.56 3.73
472711.93500000006 5014260.56 3.18
472741.93500000006 5014260.56 7.25
472771.93500000006 5014260.56 71.38
472801.93500000006 5014260.56 12.99
472831.93500000006 5014260.56 31.28
472861.93500000006 5013630.55 7.48
472861.93500000006 5014260.56 4.47
472891.93500000006 5014260.56 8.09
472921.93500000006 5014260.56 3.73
472951.93500000006 5014260.56 4.05
472981.93500000006 5014260.56 8.36
473011.92500000005 5014260.56 3.09
473041.93500000006 5014260.56 3.02
473071.93500000006 5014260.56 6.38
473101.93500000006 5014260.56 4.11
473131.93500000006 5014260.56 2.70
472891.93500000006 5013630.55 6.34
473161.93500000006 5014260.56 6.13
473191.93500000006 5014260.56 5.62
473221.93500000006 5014260.56 10.63
473251.93500000006 5014260.56 10.54
473281.93500000006 5014260.56 7.30
473311.93500000006 5014260.56 7.08
473341.93500000006 5014260.56 4.06
473371.93500000006 5014260.56 4.66
473401.93500000006 5014260.56 3.12
473431.93500000006 5014260.56 5.38
472921.93500000006 5013630.55 47.28
473461.93500000006 5014260.57 27.42
473491.93500000006 5014260.56 77.56
473518.66500000004 5014260.56 5.09
472563.48500000004 5014290.56 0.91
472591.93500000006 5014290.56 1.54
472621.93500000006 5014290.56 4.57
472651.93500000006 5014290.56 6.10
472681.93500000006 5014290.56 2.87
472711.93500000006 5014290.56 9.58
472741.93500000006 5014290.56 13.52
472771.93500000006 5013572.14 8.99
472951.93500000006 5013630.55 15.64
472771.93500000006 5014290.56 16.25
472801.93500000006 5014290.56 13.83
472831.93500000006 5014290.56 30.30
472861.93500000006 5014290.56 3.16
472891.93500000006 5014290.56 10.91
472921.93500000006 5014290.56 1.34
472951.93500000006 5014290.56 4.42
472981.93500000006 5014290.56 5.22
473011.93500000006 5014290.56 4.78
473041.93500000006 5014290.56 5.11
472981.93500000006 5013630.55 16.89
473071.93500000006 5014290.56 8.92
473101.93500000006 5014290.56 18.79
473131.93500000006 5014290.56 10.59
473161.93500000006 5014290.56 11.05
473191.93500000006 5014290.56 12.38
473221.93500000006 5014290.56 19.12
473251.93500000006 5014290.56 18.24
473281.93500000006 5014290.56 3.97
473311.93500000006 5014290.56 5.03
473341.93500000006 5014290.56 13.45
473011.93500000006 5013630.55 18.80
473371.93500000006 5014290.56 5.03
473401.93500000006 5014290.56 8.01
473431.93500000006 5014290.56 6.51
473461.93500000006 5014290.56 7.10
473491.93500000006 5014290.56 8.15
473518.73500000004 5014290.56 1.22
472563.55500000005 5014320.56 27.39
472591.93500000006 5014320.56 3.42
472621.93500000006 5014320.56 2.00
472651.93500000006 5014320.56 1.74
473041.93500000006 5013630.55 68.05
472681.93500000006 5014320.56 5.72
472711.93500000006 5014320.56 70.84
472741.93500000006 5014320.56 3.66
472771.93500000006 5014320.56 10.93
472801.93500000006 5014320.56 1.40
472831.93500000006 5014320.56 1.77
472861.93500000006 5014320.56 1.33
472891.93500000006 5014320.56 1.56
472921.93500000006 5014320.56 3.23
472951.93500000006 5014320.56 1.45
473071.93500000006 5013630.55 13.34
472981.93500000006 5014320.56 1.53
473011.93500000006 5014320.56 1.64
473041.93500000006 5014320.56 22.19
473071.93500000006 5014320.56 8.72
473101.93500000006 5014320.56 15.81
473131.93500000006 5014320.56 2.87
473161.93500000006 5014320.56 23.35
473191.93500000006 5014320.56 6.31
473221.93500000006 5014320.56 9.49
473251.93500000006 5014320.56 4.58
473101.93500000006 5013630.55 55.11
473281.93500000006 5014320.56 29.02
473311.93500000006 5014320.56 5.45
473341.93500000006 5014320.56 5.21
473371.93500000006 5014320.56 8.90
473401.93500000006 5014320.56 37.06
473431.93500000006 5014320.56 21.70
473461.93500000006 5014320.56 24.24
473491.93500000006 5014320.56 3.01
473518.775 5014320.56 14.67
472563.61500000005 5014350.56 3.45
473131.93500000006 5013630.55 13.08
472591.93500000006 5014350.56 2.27
472621.93500000006 5014350.56 1.74
472651.93500000006 5014350.56 1.67
472681.93500000006 5014350.56 14.22
472711.93500000006 5014350.56 7.35
472741.93500000006 5014350.55 2.37
472771.93500000006 5014350.56 0.75
472801.93500000006 5014350.55 1.02
472831.93500000006 5014350.56 1.13
472861.93500000006 5014350.55 2.01
473161.93500000006 5013630.55 3.61
472891.93500000006 5014350.56 2.86
472921.93500000006 5014350.56 3.59
472951.93500000006 5014350.56 2.32
472981.93500000006 5014350.56 1.05
473011.93500000006 5014350.56 2.30
473041.93500000006 5014350.56 5.43
473071.93500000006 5014350.55 11.18
473101.93500000006 5014350.56 6.07
473131.93500000006 5014350.56 9.65
473161.93500000006 5014350.56 14.08
473191.93500000006 5013630.55 23.39
473191.93500000006 5014350.56 13.18
473221.93500000006 5014350.56 42.11
473251.93500000006 5014350.56 75.93
473281.93500000006 5014350.56 9.78
473311.93500000006 5014350.56 9.32
473341.93500000006 5014350.56 7.36
473371.93500000006 5014350.56 9.05
473401.93500000006 5014350.56 5.05
473431.93500000006 5014350.56 12.43
473461.93500000006 5014350.56 24.15
473221.93500000006 5013630.57 13.86
473491.93500000006 5014350.56 2.91
473518.84500000003 5014350.56 10.08
472563.69500000007 5014380.56 0.66
472591.93500000006 5014380.56 0.64
472621.93500000006 5014380.56 0.50
472651.93500000006 5014380.56 0.77
472681.93500000006 5014380.56 1.34
472711.93500000006 5014380.55 0.74
472741.93500000006 5014380.56 1.14
472771.93500000006 5014380.56 1.17
472801.93500000006 5013572.07 11.59
473251.93500000006 5013630.56 2.66
472801.93500000006 5014380.56 1.39
472831.93500000006 5014380.56 1.33
472861.93500000006 5014380.56 1.79
472891.93500000006 5014380.56 0.52
472921.92500000005 5014380.56 1.79
472951.93500000006 5014380.56 1.50
472981.93500000006 5014380.56 1.46
473011.94500000007 5014380.56 1.69
473041.93500000006 5014380.56 7.80
473071.93500000006 5014380.56 9.98
473281.93500000006 5013630.55 39.02
473101.93500000006 5014380.56 22.39
473131.93500000006 5014380.56 4.05
473161.93500000006 5014380.56 14.47
473191.93500000006 5014380.56 16.00
473221.93500000006 5014380.56 9.53
473251.93500000006 5014380.55 3.98
473281.93500000006 5014380.56 4.62
473311.93500000006 5014380.56 2.60
473341.93500000006 5014380.56 2.76
473371.93500000006 5014380.56 4.25
473311.93500000006 5013630.55 3.70
473401.93500000006 5014380.56 3.55
473431.93500000006 5014380.56 159.81
473461.93500000006 5014380.56 9.30
473491.93500000006 5014380.56 17.34
473518.895 5014380.56 52.59
472563.75500000006 5014410.56 0.70
472591.93500000006 5014410.56 0.92
472621.93500000006 5014410.55 0.60
472651.93500000006 5014410.56 0.80
472681.93500000006 5014410.56 1.69
473341.93500000006 5013630.55 1.29
472711.93500000006 5014410.56 1.50
472741.93500000006 5014410.56 1.55
472771.93500000006 5014410.56 1.24
472801.93500000006 5014410.56 1.21
472831.93500000006 5014410.55 1.21
472861.93500000006 5014410.56 1.46
472891.93500000006 5014410.56 1.66
472921.93500000006 5014410.56 1.71
472951.93500000006 5014410.56 1.67
472981.93500000006 5014410.56 1.34
473371.93500000006 5013630.55 23.18
473011.93500000006 5014410.56 1.40
473041.93500000006 5014410.56 1.06
473071.93500000006 5014410.56 1.57
473101.93500000006 5014410.56 2.37
473131.94500000007 5014410.56 1.37
473161.93500000006 5014410.56 20.92
473191.93500000006 5014410.56 42.41
473221.93500000006 5014410.56 17.10
473251.93500000006 5014410.56 14.22
473281.93500000006 5014410.56 3.00
473401.93500000006 5013630.55 1.30
473311.93500000006 5014410.56 20.02
473341.93500000006 5014410.56 8.16
473371.93500000006 5014410.56 5.49
473401.93500000006 5014410.56 12.75
473431.93500000006 5014410.56 6.95
473461.93500000006 5014410.56 7.22
473491.94500000007 5014410.56 38.34
473518.97500000003 5014410.56 9.64
472563.81500000006 5014440.56 1.54
472591.93500000006 5014440.56 1.16
473431.93500000006 5013630.55 0.73
472621.93500000006 5014440.56 1.28
472651.93500000006 5014440.56 1.74
472681.93500000006 5014440.56 1.51
472711.93500000006 5014440.56 1.01
472741.93500000006 5014440.56 1.37
472771.93500000006 5014440.56 0.97
472801.93500000006 5014440.56 0.80
472831.93500000006 5014440.56 0.88
472861.93500000006 5014440.56 1.33
472891.93500000006 5014440.56 1.74
473461.93500000006 5013630.55 1.14
472921.93500000006 5014440.56 14.06
472951.93500000006 5014440.56 9.57
472981.93500000006 5014440.56 1.67
473011.93500000006 5014440.56 0.44
473041.93500000006 5014440.56 4.87
473071.93500000006 5014440.56 1.93
473101.93500000006 5014440.56 3.86
473131.93500000006 5014440.56 0.53
473161.93500000006 5014440.56 9.80
473191.93500000006 5014440.56 8.82
473491.93500000006 5013630.55 0.14
473221.93500000006 5014440.56 25.82
473251.93500000006 5014440.55 7.56
473281.93500000006 5014440.55 8.76
473311.93500000006 5014440.56 1.78
473341.93500000006 5014440.56 3.45
473371.93500000006 5014440.56 8.23
473401.93500000006 5014440.56 3.71
473431.93500000006 5014440.56 11.98
473461.93500000006 5014440.56 14.67
473491.93500000006 5014440.56 13.34
473517.34500000003 5013630.55 0.10
473519.025 5014440.56 30.04
472563.88500000007 5014470.56 3.19
472591.93500000006 5014470.56 4.47
472621.93500000006 5014470.56 4.09
472651.93500000006 5014470.56 5.31
472681.93500000006 5014470.56 8.14
472711.93500000006 5014470.56 1.62
472741.93500000006 5014470.56 9.00
472771.93500000006 5014470.56 3.57
472801.93500000006 5014470.56 0.83
