469934.85 5016375.28 0.822
470204.85 5016375.28 0.822
470354.85 5016525.28 0.8217
470384.85 5016525.28 0.822
469904.85 5016555.28 0.8251
469934.85 5016555.28 0.8217
469964.85 5016555.28 0.8219
469994.85 5016555.28 0.8217
470024.85 5016555.28 0.8219
470054.85 5016555.28 0.8223
470084.85 5016555.28 0.8261
470114.85 5016555.28 0.8243
470234.85 5016375.28 0.8218
470144.85 5016555.28 0.8226
470174.85 5016555.28 0.8217
470204.85 5016555.28 0.8217
470234.85 5016555.28 0.822
470264.85 5016555.28 0.8218
470294.85 5016555.28 0.8217
470324.85 5016555.28 0.8218
470354.85 5016555.28 0.8218
470384.85 5016555.28 0.822
469904.85 5016585.28 0.8252
470264.85 5016375.28 0.8219
469934.85 5016585.28 0.8217
469964.85 5016585.28 0.8217
469994.85 5016585.28 0.8217
470024.85 5016585.28 0.8225
470054.85 5016585.28 0.822
470084.85 5016585.28 0.8218
470114.85 5016585.28 0.8219
470144.85 5016585.28 0.8217
470174.85 5016585.28 0.8219
470204.85 5016585.28 0.8222
470294.85 5016375.28 0.8217
470234.85 5016585.28 0.8218
470264.85 5016585.28 0.8217
470294.85 5016585.28 0.8217
470324.85 5016585.28 0.8218
470354.85 5016585.28 0.822
470384.85 5016585.28 0.8218
469904.85 5016615.28 0.825
469934.85 5016615.28 0.8218
469964.85 5016615.28 0.8217
469994.85 5016615.28 0.8218
470324.85 5016375.28 0.8218
470024.85 5016615.28 0.8241
470054.85 5016615.28 0.8232
470084.85 5016615.28 0.8219
470114.85 5016615.28 0.8217
470144.85 5016615.28 0.822
470174.85 5016615.28 0.8217
470204.85 5016615.28 0.8222
470234.85 5016615.28 0.824
470264.85 5016615.28 0.8235
470294.85 5016615.28 0.8221
470354.85 5016375.28 0.8218
470324.85 5016615.28 0.8218
470354.85 5016615.28 0.8221
470384.85 5016615.28 0.8223
469904.85 5016645.28 0.8251
469934.85 5016645.28 0.8342
469964.85 5016645.28 0.8475
469994.85 5016645.28 0.8406
470024.85 5016645.28 0.8485
470054.85 5016645.28 0.8484
470084.85 5016645.28 0.8316
470384.85 5016375.28 0.8218
470114.85 5016645.28 0.8219
470144.85 5016645.28 0.822
470174.85 5016645.28 0.8223
470204.85 5016645.28 0.822
470234.85 5016645.28 0.8299
470264.85 5016645.28 0.8221
470294.85 5016645.28 0.8218
470324.85 5016645.28 0.8224
470354.85 5016645.28 0.8219
470384.85 5016645.28 0.8219
469904.85 5016405.28 0.8251
469904.85 5016675.28 0.8254
469934.85 5016675.28 0.9144
469964.85 5016675.28 0.8968
469994.85 5016675.28 0.8796
470024.85 5016675.28 0.8874
470054.85 5016675.28 0.8675
470084.85 5016675.28 0.8501
470114.85 5016675.28 0.8245
470144.85 5016675.28 0.8219
470174.85 5016675.28 0.8223
469934.85 5016405.28 0.8217
470204.85 5016675.28 0.8219
470234.85 5016675.28 0.8348
470264.85 5016675.28 0.8223
470294.85 5016675.28 0.8217
470324.85 5016675.28 0.8219
470354.85 5016675.28 0.8217
470384.85 5016675.28 0.8222
469904.85 5016705.28 0.8254
469934.85 5016705.28 0.8788
469964.85 5016705.28 0.9044
469964.85 5016405.28 0.8217
469994.85 5016705.28 0.9037
470024.85 5016705.28 0.9139
470054.85 5016705.28 0.8675
470084.85 5016705.28 0.8882
470114.85 5016705.28 0.8431
470144.85 5016705.28 0.8247
470174.85 5016705.28 0.8221
470204.85 5016705.28 0.822
470234.85 5016705.28 0.8217
470264.85 5016705.28 0.8217
469964.85 5016375.28 0.8217
469994.85 5016405.28 0.8219
470294.85 5016705.28 0.8219
470324.85 5016705.28 0.8218
470354.85 5016705.28 0.8217
470384.85 5016705.28 0.8218
469904.85 5016735.28 0.826
469934.85 5016735.28 0.8902
469964.85 5016735.28 0.8998
469994.85 5016735.28 0.9302
470024.85 5016735.28 0.9265
470054.85 5016735.28 0.9352
470024.85 5016405.28 0.8217
470084.85 5016735.28 0.8879
470114.85 5016735.28 0.8238
470144.85 5016735.28 0.8231
470174.85 5016735.28 0.8219
470204.85 5016735.28 0.8218
470234.85 5016735.28 0.822
470264.85 5016735.28 0.8223
470294.85 5016735.28 0.8218
470324.85 5016735.28 0.8217
470354.85 5016735.28 0.8223
470054.85 5016405.28 0.8217
470384.85 5016735.28 0.8217
469904.85 5016765.28 0.8251
469934.85 5016765.28 0.877
469964.85 5016765.28 0.8586
469994.85 5016765.28 0.8681
470024.85 5016765.28 0.8914
470054.85 5016765.28 0.8597
470084.85 5016765.28 0.8318
470114.85 5016765.28 0.8239
470144.85 5016765.28 0.8221
470084.85 5016405.28 0.8217
470174.85 5016765.28 0.8218
470204.85 5016765.28 0.8218
470234.85 5016765.28 0.8218
470264.85 5016765.28 0.8218
470294.85 5016765.28 0.8218
470324.85 5016765.28 0.822
470354.85 5016765.28 0.8221
470384.85 5016765.28 0.8218
469904.85 5016795.28 0.8251
469934.85 5016795.28 0.8469
470114.85 5016405.28 0.8217
469964.85 5016795.28 0.8242
469994.85 5016795.28 0.8219
470024.85 5016795.28 0.822
470054.85 5016795.28 0.822
470084.85 5016795.28 0.8222
470114.85 5016795.28 0.8222
470144.85 5016795.28 0.8218
470174.85 5016795.28 0.8219
470204.85 5016795.28 0.8219
470234.85 5016795.28 0.822
470144.85 5016405.28 0.8237
470264.85 5016795.28 0.8218
470294.85 5016795.28 0.8222
470324.85 5016795.28 0.8218
470354.85 5016795.28 0.8223
470384.85 5016795.28 0.8223
469904.85 5016825.28 0.8255
469934.85 5016825.28 0.8227
469964.85 5016825.28 0.8219
469994.85 5016825.28 0.8219
470024.85 5016825.28 0.8222
470174.85 5016405.28 0.8218
470054.85 5016825.28 0.8221
470084.85 5016825.28 0.8222
470114.85 5016825.28 0.8226
470144.85 5016825.28 0.8223
470174.85 5016825.28 0.8221
470204.85 5016825.28 0.8223
470234.85 5016825.28 0.8219
470264.85 5016825.28 0.8225
470294.85 5016825.28 0.8227
470324.85 5016825.28 0.823
470204.85 5016405.28 0.8221
470354.85 5016825.28 0.8232
470384.85 5016825.28 0.8223
469904.85 5016855.28 0.8263
469934.85 5016855.28 0.8789
469964.85 5016855.28 0.8783
469994.85 5016855.28 0.8785
470024.85 5016855.28 0.8788
470054.85 5016855.28 0.8786
470084.85 5016855.28 0.8781
470114.85 5016855.28 0.8788
470234.85 5016405.28 0.8219
470144.85 5016855.28 0.8781
470174.85 5016855.28 0.8793
470204.85 5016855.28 0.8783
470234.85 5016855.28 0.8789
470264.85 5016855.28 0.8785
470294.85 5016855.28 0.8786
470324.85 5016855.28 0.8786
470354.85 5016855.28 0.8782
470384.85 5016855.28 0.8781
469904.85 5016885.28 0.8824
470264.85 5016405.28 0.8217
469994.85 5016375.28 0.8218
470294.85 5016405.28 0.8221
470324.85 5016405.28 0.822
470354.85 5016405.28 0.8221
470384.85 5016405.28 0.8217
469904.85 5016435.28 0.825
469934.85 5016435.28 0.8221
469964.85 5016435.28 0.8217
469994.85 5016435.28 0.822
470024.85 5016435.28 0.8218
470054.85 5016435.28 0.8217
470024.85 5016375.28 0.8224
470084.85 5016435.28 0.8219
470114.85 5016435.28 0.8217
470144.85 5016435.28 0.8217
470174.85 5016435.28 0.8223
470204.85 5016435.28 0.8218
470234.85 5016435.28 0.8218
470264.85 5016435.28 0.822
470294.85 5016435.28 0.8225
470324.85 5016435.28 0.8223
470354.85 5016435.28 0.8217
470054.85 5016375.28 0.8217
470384.85 5016435.28 0.8219
469904.85 5016465.28 0.8251
469934.85 5016465.28 0.8217
469964.85 5016465.28 0.8219
469994.85 5016465.28 0.8223
470024.85 5016465.28 0.8222
470054.85 5016465.28 0.8217
470084.85 5016465.28 0.8217
470114.85 5016465.28 0.8218
470144.85 5016465.28 0.8217
470084.85 5016375.28 0.8217
470174.85 5016465.28 0.8219
470204.85 5016465.28 0.8217
470234.85 5016465.28 0.8222
470264.85 5016465.28 0.8217
470294.85 5016465.28 0.8219
470324.85 5016465.28 0.8218
470354.85 5016465.28 0.8218
470384.85 5016465.28 0.8218
469904.85 5016495.28 0.8253
469934.85 5016495.28 0.8218
470114.85 5016375.28 0.8218
469964.85 5016495.28 0.8218
469994.85 5016495.28 0.8217
470024.85 5016495.28 0.8223
470054.85 5016495.28 0.8227
470084.85 5016495.28 0.8217
470114.85 5016495.28 0.8218
470144.85 5016495.28 0.8217
470174.85 5016495.28 0.8219
470204.85 5016495.28 0.8217
470234.85 5016495.28 0.8218
470144.85 5016375.28 0.8217
470264.85 5016495.28 0.8218
470294.85 5016495.28 0.8217
470324.85 5016495.28 0.8219
470354.85 5016495.28 0.8217
470384.85 5016495.28 0.8218
469904.85 5016525.28 0.825
469934.85 5016525.28 0.8218
469964.85 5016525.28 0.8218
469994.85 5016525.28 0.8221
470024.85 5016525.28 0.822
470174.85 5016375.28 0.8219
470054.85 5016525.28 0.8223
470084.85 5016525.28 0.8217
470114.85 5016525.28 0.8219
470144.85 5016525.28 0.8218
470174.85 5016525.28 0.8221
470204.85 5016525.28 0.8218
470234.85 5016525.28 0.8217
470264.85 5016525.28 0.8218
470294.85 5016525.28 0.8221
470324.85 5016525.28 0.8218
