469934.83999999997 5016375.275 7.96
470204.85 5016375.275 3.41
470354.83999999997 5016525.275 18.41
470384.83999999997 5016525.275 3.98
470409.83999999997 5016525.275 5.69
469934.83999999997 5016555.275 2.90
469964.83999999997 5016555.275 8.21
469994.83999999997 5016555.275 9.83
470024.83999999997 5016555.275 2.41
470054.83999999997 5016555.275 6.37
470084.83999999997 5016555.275 17.62
470114.85 5016555.275 31.71
470234.83999999997 5016375.275 3.47
470144.83999999997 5016555.275 12.40
470174.83999999997 5016555.275 19.41
470204.85 5016555.275 5.01
470234.83999999997 5016555.275 30.74
470264.83999999997 5016555.275 26.45
470294.85 5016555.275 8.70
470324.83999999997 5016555.275 5.23
470354.83999999997 5016555.275 12.54
470384.83999999997 5016555.275 4.26
470409.83999999997 5016555.275 20.74
470264.83999999997 5016375.275 24.81
469934.83999999997 5016585.275 6.58
469964.83999999997 5016585.275 4.77
469994.83999999997 5016585.275 12.75
470024.83999999997 5016585.275 24.95
470054.83999999997 5016585.275 16.65
470084.83999999997 5016585.275 10.05
470114.85 5016585.275 39.76
470144.83999999997 5016585.275 4.36
470174.83999999997 5016585.275 18.61
470204.85 5016585.275 4.38
470294.85 5016375.275 21.23
470234.83999999997 5016585.275 14.27
470264.83999999997 5016585.275 28.98
470294.85 5016585.275 4.07
470324.83999999997 5016585.275 10.56
470354.83999999997 5016585.275 6.14
470384.83999999997 5016585.275 4.15
470409.83999999997 5016585.275 10.51
469934.83999999997 5016615.275 9.07
469964.83999999997 5016615.275 11.57
469994.83999999997 5016615.275 10.85
470324.83999999997 5016375.275 39.24
470024.83999999997 5016615.275 9.52
470054.83999999997 5016615.275 22.92
470084.83999999997 5016615.275 24.50
470114.85 5016615.275 11.16
470144.83999999997 5016615.275 24.88
470174.83999999997 5016615.275 26.93
470204.85 5016615.275 19.64
470234.83999999997 5016615.275 36.21
470264.83999999997 5016615.275 9.03
470294.85 5016615.275 6.19
470354.83999999997 5016375.275 2.82
470324.83999999997 5016615.275 1.47
470354.83999999997 5016615.275 3.01
470384.83999999997 5016615.275 10.79
470409.83999999997 5016615.275 4.32
469934.83999999997 5016645.245 11.32
469964.83999999997 5016645.055000001 23.55
469994.83999999997 5016645.265000001 9.15
470024.83999999997 5016645.265000001 1.39
470054.85 5016645.275 19.89
470084.83999999997 5016645.275 7.41
470384.83999999997 5016375.275 11.08
470114.85 5016645.275 12.48
470144.83999999997 5016645.275 17.89
470174.83999999997 5016645.275 4.11
470204.85 5016645.275 11.75
470234.83999999997 5016645.265000001 9.00
470264.83999999997 5016645.275 10.84
470294.85 5016645.275 79.33
470324.83999999997 5016645.275 14.41
470354.83999999997 5016645.275 4.52
470384.83999999997 5016645.275 6.04
470409.83999999997 5016375.275 7.36
470409.85 5016645.275 7.15
469934.85 5016675.325 2.73
469964.83999999997 5016675.285 2.11
469994.82999999996 5016675.275 1.32
470024.85 5016675.275 0.99
470054.83999999997 5016675.285 2.29
470084.83999999997 5016675.275 6.90
470114.85 5016675.275 8.07
470144.83999999997 5016675.275 7.99
470174.83999999997 5016675.275 5.69
469934.83999999997 5016405.275 0.76
470204.85 5016675.275 4.20
470234.83999999997 5016675.285 11.87
470264.83999999997 5016675.275 10.66
470294.85 5016675.275 12.76
470324.83999999997 5016675.275 13.98
470354.83999999997 5016675.275 14.11
470384.83999999997 5016675.275 2.20
470409.83999999997 5016675.275 8.02
469934.86 5016705.275 1.28
469964.83999999997 5016705.265000001 0.93
469964.83999999997 5016405.275 3.21
469994.83999999997 5016705.285 1.24
470024.83999999997 5016705.275 1.05
470054.76999999996 5016705.275 1.64
470084.85 5016705.265000001 1.74
470114.85 5016705.275 9.69
470144.83999999997 5016705.275 26.52
470174.83999999997 5016705.275 18.72
470204.85 5016705.275 8.15
470234.83999999997 5016705.275 4.50
470264.83999999997 5016705.275 8.40
469964.83999999997 5016375.275 5.11
469994.83999999997 5016405.275 3.13
470294.85 5016705.275 4.50
470324.83999999997 5016705.275 9.61
470354.83999999997 5016705.275 7.30
470384.83999999997 5016705.275 14.70
470409.83999999997 5016705.275 3.84
469934.85 5016735.095000001 2.18
469964.83999999997 5016735.235 1.35
469994.83999999997 5016735.095000001 1.28
470024.83999999997 5016735.265000001 1.13
470054.81999999995 5016735.265000001 1.65
470024.83999999997 5016405.275 9.78
470084.85 5016735.275 2.16
470114.85 5016735.275 31.58
470144.83999999997 5016735.275 47.81
470174.83999999997 5016735.275 36.41
470204.85 5016735.275 10.20
470234.83999999997 5016735.275 10.92
470264.83999999997 5016735.275 29.23
470294.85 5016735.275 7.12
470324.83999999997 5016735.275 7.46
470354.83999999997 5016735.275 2.89
470054.83999999997 5016405.275 10.21
470384.83999999997 5016735.275 5.43
470409.83999999997 5016735.275 26.12
469934.83999999997 5016765.345000001 1.23
469964.83999999997 5016765.375 0.97
469994.83999999997 5016765.335 1.22
470024.83999999997 5016765.275 2.19
470054.83999999997 5016765.275 0.84
470084.83999999997 5016765.275 1.37
470114.85 5016765.275 1.93
470144.83999999997 5016765.275 10.43
470084.83999999997 5016405.275 13.90
470174.83999999997 5016765.275 7.66
470204.85 5016765.275 20.13
470234.83999999997 5016765.275 8.70
470264.83999999997 5016765.275 33.33
470294.85 5016765.275 2.01
470324.83999999997 5016765.275 5.24
470354.83999999997 5016765.275 9.35
470384.83999999997 5016765.275 3.72
470409.83999999997 5016765.275 8.17
469934.83999999997 5016795.285 1.17
470114.85 5016405.275 4.30
469964.83999999997 5016795.275 3.35
469994.83999999997 5016795.275 20.73
470024.83999999997 5016795.275 13.65
470054.83999999997 5016795.275 89.43
470084.83999999997 5016795.275 2.85
470114.85 5016795.275 0.79
470144.83999999997 5016795.275 3.85
470174.83999999997 5016795.275 13.31
470204.85 5016795.275 3.03
470234.83999999997 5016795.275 4.57
470144.83999999997 5016405.275 4.76
470264.83999999997 5016795.275 6.00
470294.85 5016795.275 4.71
470324.83999999997 5016795.275 5.52
470354.83999999997 5016795.275 6.28
470384.83999999997 5016795.275 6.19
470409.83999999997 5016795.275 7.10
469934.83999999997 5016825.275 10.23
469964.83999999997 5016825.275 11.32
469994.83999999997 5016825.275 21.67
470024.83999999997 5016825.275 12.16
470174.83999999997 5016405.275 2.76
470054.83999999997 5016825.275 28.49
470084.83999999997 5016825.275 9.53
470114.85 5016825.275 2.65
470144.83999999997 5016825.275 23.34
470174.83999999997 5016825.275 3.36
470204.85 5016825.275 3.66
470234.83999999997 5016825.275 19.90
470264.83999999997 5016825.275 3.15
470294.85 5016825.275 3.26
470324.83999999997 5016825.275 8.44
470204.85 5016405.275 5.05
470354.83999999997 5016825.275 5.74
470384.83999999997 5016825.275 4.40
470409.83999999997 5016825.275 13.59
469934.83999999997 5016850.275 44.25
469964.83999999997 5016850.275 8.39
469994.83999999997 5016850.275 8.05
470024.83999999997 5016850.275 7.45
470054.83999999997 5016850.275 6.87
470084.83999999997 5016850.275 4.48
470114.85 5016850.275 1.21
470234.83999999997 5016405.275 14.36
470144.83999999997 5016850.275 9.44
470174.83999999997 5016850.275 37.43
470204.85 5016850.275 7.88
470234.83999999997 5016850.275 1.66
470264.83999999997 5016850.275 6.48
470294.85 5016850.275 6.74
470324.83999999997 5016850.275 1.65
470354.83999999997 5016850.275 2.58
470384.83999999997 5016850.275 3.07
470409.83999999997 5016850.275 9.45
470264.83999999997 5016405.275 7.77
469994.83999999997 5016375.275 5.73
470294.85 5016405.275 64.97
470324.83999999997 5016405.275 13.93
470354.83999999997 5016405.275 13.78
470384.83999999997 5016405.275 12.98
470409.83999999997 5016405.275 3.80
469934.83999999997 5016435.275 1.53
469964.83999999997 5016435.275 1.88
469994.83999999997 5016435.275 6.16
470024.83999999997 5016435.275 14.58
470054.83999999997 5016435.275 3.22
470024.83999999997 5016375.275 2.80
470084.83999999997 5016435.275 1.89
470114.85 5016435.275 2.50
470144.83999999997 5016435.275 90.03
470174.83999999997 5016435.275 5.89
470204.85 5016435.275 10.92
470234.83999999997 5016435.275 45.18
470264.83999999997 5016435.275 9.89
470294.85 5016435.275 10.19
470324.83999999997 5016435.275 12.34
470354.83999999997 5016435.275 12.32
470054.83999999997 5016375.275 6.04
470384.83999999997 5016435.275 31.50
470409.83999999997 5016435.275 5.23
469934.83999999997 5016465.275 1.51
469964.83999999997 5016465.275 71.37
469994.83999999997 5016465.275 8.74
470024.83999999997 5016465.275 4.38
470054.83999999997 5016465.275 63.69
470084.83999999997 5016465.275 30.38
470114.85 5016465.275 3.88
470144.83999999997 5016465.275 6.58
470084.83999999997 5016375.275 1.92
470174.83999999997 5016465.275 20.37
470204.85 5016465.275 13.62
470234.83999999997 5016465.275 44.96
470264.83999999997 5016465.275 14.82
470294.85 5016465.275 11.10
470324.83999999997 5016465.275 5.33
470354.83999999997 5016465.275 7.25
470384.83999999997 5016465.275 19.29
470409.85 5016465.275 5.07
469934.83999999997 5016495.275 1.39
470114.85 5016375.275 4.60
469964.83999999997 5016495.275 3.77
469994.83999999997 5016495.275 4.00
470024.83999999997 5016495.275 21.89
470054.83999999997 5016495.275 4.33
470084.83999999997 5016495.275 2.72
470114.85 5016495.275 29.35
470144.83999999997 5016495.275 20.02
470174.83999999997 5016495.275 10.39
470204.85 5016495.275 6.72
470234.83999999997 5016495.275 7.57
470144.83999999997 5016375.275 5.03
470264.83999999997 5016495.275 22.93
470294.85 5016495.275 8.98
470324.83999999997 5016495.275 7.85
470354.83999999997 5016495.275 5.44
470384.83999999997 5016495.275 3.69
470409.85 5016495.275 5.78
469934.83999999997 5016525.275 26.82
469964.83999999997 5016525.275 2.74
469994.83999999997 5016525.275 2.50
470024.83999999997 5016525.275 3.58
470174.83999999997 5016375.275 1.38
470054.83999999997 5016525.275 4.07
470084.83999999997 5016525.275 90.66
470114.85 5016525.275 9.81
470144.83999999997 5016525.275 45.24
470174.83999999997 5016525.275 22.66
470204.85 5016525.275 5.07
470234.83999999997 5016525.275 28.15
470264.83999999997 5016525.275 14.57
470294.85 5016525.275 37.90
470324.83999999997 5016525.275 9.77
