470884.85 5013845.28 0.9816
470614.85 5013845.28 0.9805
470584.85 5013845.28 0.981
470554.85 5013845.28 0.9808
470524.85 5013845.28 0.9819
470494.85 5013845.28 0.982
470464.85 5013845.28 0.9817
470434.85 5013845.28 0.9816
470854.85 5013845.28 0.9819
470824.85 5013845.28 0.9814
470794.85 5013845.28 0.9838
470764.85 5013845.28 0.984
470734.85 5013845.28 0.9818
470704.85 5013845.28 0.9807
470674.85 5013845.28 0.9817
470644.85 5013845.28 0.9814
470404.85 5013875.28 0.9837
470434.85 5013875.28 0.8216
470704.85 5013875.28 0.8225
470854.85 5014025.28 0.8244
470884.85 5014025.28 0.8285
470404.85 5014055.28 0.834
470434.85 5014055.28 0.8223
470464.85 5014055.28 0.8219
470494.85 5014055.28 0.8221
470524.85 5014055.28 0.8219
470554.85 5014055.28 0.822
470584.85 5014055.28 0.8221
470614.85 5014055.28 0.822
470734.85 5013875.28 0.8234
470644.85 5014055.28 0.8228
470674.85 5014055.28 0.8223
470704.85 5014055.28 0.8237
470734.85 5014055.28 0.8237
470764.85 5014055.28 0.8238
470794.85 5014055.28 0.8293
470824.85 5014055.28 0.8317
470854.85 5014055.28 0.8249
470884.85 5014055.28 0.8286
470404.85 5014085.28 0.8547
470764.85 5013875.28 0.8243
470434.85 5014085.28 0.8252
470464.85 5014085.28 0.8245
470494.85 5014085.28 0.8233
470524.85 5014085.28 0.827
470554.85 5014085.28 0.824
470584.85 5014085.28 0.8231
470614.85 5014085.28 0.8233
470644.85 5014085.28 0.8254
470674.85 5014085.28 0.8261
470704.85 5014085.28 0.8224
470794.85 5013875.28 0.8227
470734.85 5014085.28 0.8237
470764.85 5014085.28 0.8224
470794.85 5014085.28 0.8228
470824.85 5014085.28 0.8304
470854.85 5014085.28 0.8317
470884.85 5014085.28 0.8257
470404.85 5014115.28 0.8466
470434.85 5014115.28 0.826
470464.85 5014115.28 0.8296
470494.85 5014115.28 0.829
470824.85 5013875.28 0.8241
470524.85 5014115.28 0.8294
470554.85 5014115.28 0.8266
470584.85 5014115.28 0.8272
470614.85 5014115.28 0.8249
470644.85 5014115.28 0.8284
470674.85 5014115.28 0.8334
470704.85 5014115.28 0.8296
470734.85 5014115.28 0.8303
470764.85 5014115.28 0.8283
470794.85 5014115.28 0.8294
470854.85 5013875.28 0.8224
470824.85 5014115.28 0.8302
470854.85 5014115.28 0.8365
470884.85 5014115.28 0.8258
470404.85 5014145.28 0.8348
470434.85 5014145.28 0.8245
470464.85 5014145.28 0.8249
470494.85 5014145.28 0.8276
470524.85 5014145.28 0.826
470554.85 5014145.28 0.8268
470584.85 5014145.28 0.8246
470884.85 5013875.28 0.8222
470614.85 5014145.28 0.8244
470644.85 5014145.28 0.826
470674.85 5014145.28 0.826
470704.85 5014145.28 0.8254
470734.85 5014145.28 0.8247
470764.85 5014145.28 0.8239
470794.85 5014145.28 0.8248
470824.85 5014145.28 0.8233
470854.85 5014145.28 0.8225
470884.85 5014145.28 0.8227
470404.85 5013905.28 0.8273
470404.85 5014175.28 0.8272
470434.85 5014175.28 0.8219
470464.85 5014175.28 0.8214
470494.85 5014175.28 0.8228
470524.85 5014175.28 0.8221
470554.85 5014175.28 0.8222
470584.85 5014175.28 0.8224
470614.85 5014175.28 0.8224
470644.85 5014175.28 0.822
470674.85 5014175.28 0.8229
470434.85 5013905.28 0.8223
470704.85 5014175.28 0.8225
470734.85 5014175.28 0.8223
470764.85 5014175.28 0.8213
470794.85 5014175.28 0.821
470824.85 5014175.28 0.821
470854.85 5014175.28 0.8222
470884.85 5014175.28 0.8219
470404.85 5014205.28 0.8264
470434.85 5014205.28 0.822
470464.85 5014205.28 0.8222
470464.85 5013905.28 0.8234
470494.85 5014205.28 0.8227
470524.85 5014205.28 0.8219
470554.85 5014205.28 0.8222
470584.85 5014205.28 0.8221
470614.85 5014205.28 0.8218
470644.85 5014205.28 0.8223
470674.85 5014205.28 0.8238
470704.85 5014205.28 0.821
470734.85 5014205.28 0.8212
470764.85 5014205.28 0.8209
470464.85 5013875.28 0.8222
470494.85 5013905.28 0.8219
470794.85 5014205.28 0.8228
470824.85 5014205.28 0.8211
470854.85 5014205.28 0.8217
470884.85 5014205.28 0.8225
470404.85 5014235.28 0.8254
470434.85 5014235.28 0.8224
470464.85 5014235.28 0.8227
470494.85 5014235.28 0.8217
470524.85 5014235.28 0.8225
470554.85 5014235.28 0.8225
470524.85 5013905.28 0.8213
470584.85 5014235.28 0.8218
470614.85 5014235.28 0.8223
470644.85 5014235.28 0.8223
470674.85 5014235.28 0.8215
470704.85 5014235.28 0.8224
470734.85 5014235.28 0.8219
470764.85 5014235.28 0.8216
470794.85 5014235.28 0.8219
470824.85 5014235.28 0.8218
470854.85 5014235.28 0.8212
470554.85 5013905.28 0.8225
470884.85 5014235.28 0.822
470404.85 5014265.28 0.8261
470434.85 5014265.28 0.8222
470464.85 5014265.28 0.8216
470494.85 5014265.28 0.8226
470524.85 5014265.28 0.8222
470554.85 5014265.28 0.8218
470584.85 5014265.28 0.822
470614.85 5014265.28 0.8221
470644.85 5014265.28 0.823
470584.85 5013905.28 0.8216
470674.85 5014265.28 0.8226
470704.85 5014265.28 0.8212
470734.85 5014265.28 0.822
470764.85 5014265.28 0.8218
470794.85 5014265.28 0.8217
470824.85 5014265.28 0.8223
470854.85 5014265.28 0.8213
470884.85 5014265.28 0.8221
470404.85 5014295.28 0.8252
470434.85 5014295.28 0.8221
470614.85 5013905.28 0.822
470464.85 5014295.28 0.8217
470494.85 5014295.28 0.8229
470524.85 5014295.28 0.8226
470554.85 5014295.28 0.8216
470584.85 5014295.28 0.8219
470614.85 5014295.28 0.8223
470644.85 5014295.28 0.8219
470674.85 5014295.28 0.8221
470704.85 5014295.28 0.8219
470734.85 5014295.28 0.8226
470644.85 5013905.28 0.8221
470764.85 5014295.28 0.8214
470794.85 5014295.28 0.8215
470824.85 5014295.28 0.8219
470854.85 5014295.28 0.8218
470884.85 5014295.28 0.8225
470404.85 5014325.28 0.8255
470434.85 5014325.28 0.8216
470464.85 5014325.28 0.8223
470494.85 5014325.28 0.8235
470524.85 5014325.28 0.8259
470674.85 5013905.28 0.8223
470554.85 5014325.28 0.8244
470584.85 5014325.28 0.8234
470614.85 5014325.28 0.8247
470644.85 5014325.28 0.8243
470674.85 5014325.28 0.8231
470704.85 5014325.28 0.8235
470734.85 5014325.28 0.823
470764.85 5014325.28 0.8228
470794.85 5014325.28 0.8221
470824.85 5014325.28 0.8222
470704.85 5013905.28 0.8237
470854.85 5014325.28 0.8227
470884.85 5014325.28 0.8225
470404.85 5014355.28 0.8284
470434.85 5014355.28 0.8906
470464.85 5014355.28 0.8905
470494.85 5014355.28 0.8888
470524.85 5014355.28 0.8919
470554.85 5014355.28 0.8919
470584.85 5014355.28 0.8915
470614.85 5014355.28 0.8916
470734.85 5013905.28 0.822
470644.85 5014355.28 0.8914
470674.85 5014355.28 0.8921
470704.85 5014355.28 0.892
470734.85 5014355.28 0.8912
470764.85 5014355.28 0.8915
470794.85 5014355.28 0.8905
470824.85 5014355.28 0.8902
470854.85 5014355.28 0.8897
470884.85 5014355.28 0.8906
470404.85 5014385.28 0.8948
470764.85 5013905.28 0.8222
470494.85 5013875.28 0.8219
470794.85 5013905.28 0.822
470824.85 5013905.28 0.8214
470854.85 5013905.28 0.8222
470884.85 5013905.28 0.823
470404.85 5013935.28 0.8268
470434.85 5013935.28 0.825
470464.85 5013935.28 0.8268
470494.85 5013935.28 0.8255
470524.85 5013935.28 0.8281
470554.85 5013935.28 0.8263
470524.85 5013875.28 0.8223
470584.85 5013935.28 0.8287
470614.85 5013935.28 0.833
470644.85 5013935.28 0.8263
470674.85 5013935.28 0.8265
470704.85 5013935.28 0.8254
470734.85 5013935.28 0.8277
470764.85 5013935.28 0.828
470794.85 5013935.28 0.8238
470824.85 5013935.28 0.8227
470854.85 5013935.28 0.8239
470554.85 5013875.28 0.8225
470884.85 5013935.28 0.8231
470404.85 5013965.28 0.8295
470434.85 5013965.28 0.8254
470464.85 5013965.28 0.8258
470494.85 5013965.28 0.8261
470524.85 5013965.28 0.8263
470554.85 5013965.28 0.8284
470584.85 5013965.28 0.8271
470614.85 5013965.28 0.8303
470644.85 5013965.28 0.8246
470584.85 5013875.28 0.8216
470674.85 5013965.28 0.8266
470704.85 5013965.28 0.8269
470734.85 5013965.28 0.8261
470764.85 5013965.28 0.8252
470794.85 5013965.28 0.8241
470824.85 5013965.28 0.8239
470854.85 5013965.28 0.8243
470884.85 5013965.28 0.823
470404.85 5013995.28 0.8294
470434.85 5013995.28 0.8232
470614.85 5013875.28 0.8218
470464.85 5013995.28 0.823
470494.85 5013995.28 0.8228
470524.85 5013995.28 0.8227
470554.85 5013995.28 0.8234
470584.85 5013995.28 0.8222
470614.85 5013995.28 0.8224
470644.85 5013995.28 0.8217
470674.85 5013995.28 0.8232
470704.85 5013995.28 0.8237
470734.85 5013995.28 0.8234
470644.85 5013875.28 0.8216
470764.85 5013995.28 0.8262
470794.85 5013995.28 0.8235
470824.85 5013995.28 0.8233
470854.85 5013995.28 0.8253
470884.85 5013995.28 0.8249
470404.85 5014025.28 0.834
470434.85 5014025.28 0.8219
470464.85 5014025.28 0.824
470494.85 5014025.28 0.8225
470524.85 5014025.28 0.8229
470674.85 5013875.28 0.8225
470554.85 5014025.28 0.8217
470584.85 5014025.28 0.8217
470614.85 5014025.28 0.822
470644.85 5014025.28 0.8222
470674.85 5014025.28 0.8231
470704.85 5014025.28 0.8228
470734.85 5014025.28 0.825
470764.85 5014025.28 0.8282
470794.85 5014025.28 0.824
470824.85 5014025.28 0.8405
