470884.85 5013861.265000001 0.27
470614.85 5013861.265000001 1.70
470584.75999999995 5013861.265000001 1.73
470554.88999999996 5013861.265000001 1.42
470524.86 5013861.255000001 0.00
470494.85 5013861.265000001 0.33
470464.85 5013861.265000001 3.67
470434.86 5013861.265000001 1.44
470854.86 5013861.265000001 0.27
470824.94999999995 5013861.265000001 4.75
470794.83999999997 5013861.265000001 6.20
470764.87 5013861.265000001 0.00
470734.86 5013861.265000001 2.97
470704.86 5013861.265000001 0.00
470674.86 5013861.265000001 0.00
470644.85 5013861.265000001 1.52
470669.85 5013876.195 0.36
470434.86 5013877.245 0.54
470704.86 5013877.245 0.97
470854.86 5014027.245 3.05
470884.86 5014027.245 4.15
470669.85 5014042.235 10.89
470434.86 5014057.245 3.92
470464.86 5014057.245 1.25
470494.86 5014057.245 2.45
470524.86 5014057.245 1.92
470554.85 5014057.245 1.70
470584.86 5014057.245 0.20
470614.86 5014057.245 0.74
470734.85 5013877.245 1.48
470644.85 5014057.245 4.99
470704.86 5014057.245 3.79
470734.85 5014057.245 1.36
470764.86 5014057.245 6.04
470794.86 5014057.245 6.15
470824.86 5014057.245 1.56
470854.86 5014057.245 9.78
470884.86 5014057.245 14.27
470669.85 5014061.505000001 5.53
470764.86 5013877.255000001 1.23
470434.86 5014087.245 2.86
470464.86 5014087.245 3.06
470494.86 5014087.245 4.68
470524.86 5014087.245 4.83
470554.85 5014087.245 3.88
470584.86 5014087.245 2.41
470614.86 5014087.245 2.06
470644.85 5014087.245 0.82
470674.86 5014087.235 2.66
470704.86 5014087.255000001 1.82
470794.86 5013877.245 0.90
470734.85 5014087.245 2.07
470764.86 5014087.245 2.92
470794.86 5014087.245 3.82
470824.86 5014087.245 6.13
470854.86 5014087.245 10.02
470884.86 5014087.245 5.94
470669.85 5014099.125 14.07
470434.86 5014117.245 0.99
470464.86 5014117.245 2.44
470494.86 5014117.245 2.48
470824.86 5013877.245 2.16
470524.86 5014117.245 2.71
470554.85 5014117.245 50.98
470584.86 5014117.245 0.24
470614.86 5014117.245 0.27
470644.86 5014117.245 0.46
470674.86 5014117.245 0.45
470704.86 5014117.245 1.83
470734.86 5014117.245 2.24
470764.86 5014117.245 0.56
470794.86 5014117.245 1.24
470854.86 5013877.245 2.11
470824.86 5014117.245 0.74
470854.86 5014117.245 0.19
470884.86 5014117.245 0.16
470669.85 5014130.9350000005 0.80
470434.86 5014147.245 3.26
470464.86 5014147.245 2.09
470494.86 5014147.245 18.07
470524.86 5014147.245 5.91
470554.85 5014147.245 4.04
470584.86 5014147.245 2.67
470884.86 5013877.245 0.68
470614.86 5014147.245 0.29
470644.85 5014147.245 1.04
470674.86 5014147.245 1.46
470704.86 5014147.245 0.47
470734.85 5014147.245 0.86
470764.86 5014147.245 0.79
470794.86 5014147.245 0.52
470824.86 5014147.245 1.16
470854.86 5014147.245 0.40
470884.86 5014147.245 0.83
470669.85 5013891.295 0.97
470669.85 5014161.595000001 1.38
470434.86 5014177.245 1.80
470464.86 5014177.245 7.42
470494.86 5014177.245 5.35
470524.86 5014177.245 12.96
470554.85 5014177.245 8.80
470584.86 5014177.245 7.14
470614.86 5014177.245 0.96
470644.85 5014177.245 0.44
470674.86 5014177.245 1.71
470434.86 5013907.245 2.09
470704.86 5014177.245 0.55
470734.85 5014177.245 0.44
470764.86 5014177.245 1.67
470794.86 5014177.245 0.76
470824.86 5014177.245 0.57
470854.86 5014177.245 0.46
470884.86 5014177.245 0.90
470669.85 5014191.535 0.85
470434.86 5014207.245 7.58
470464.86 5014207.245 5.99
470464.86 5013907.245 1.54
470494.86 5014207.245 2.24
470524.86 5014207.235 18.90
470554.85 5014207.245 26.30
470584.86 5014207.245 3.69
470614.86 5014207.245 0.36
470644.85 5014207.245 0.47
470674.86 5014207.245 0.92
470704.86 5014207.245 1.66
470734.85 5014207.245 2.65
470764.86 5014207.245 2.99
470464.86 5013877.245 0.15
470494.86 5013907.245 2.72
470794.86 5014207.245 0.84
470824.86 5014207.245 2.26
470854.86 5014207.245 2.79
470884.86 5014207.245 7.49
470669.85 5014217.205 1.39
470434.86 5014237.245 4.08
470464.86 5014237.245 7.65
470494.86 5014237.245 4.06
470524.86 5014237.245 2.74
470554.85 5014237.245 31.22
470524.86 5013907.245 0.37
470584.86 5014237.245 9.91
470614.86 5014237.245 1.67
470644.85 5014237.245 0.79
470674.86 5014237.245 2.13
470704.86 5014237.245 14.03
470734.85 5014237.245 7.56
470764.86 5014237.245 4.20
470794.86 5014237.245 4.27
470824.86 5014237.245 2.07
470854.86 5014237.245 1.61
470554.85 5013907.245 0.36
470884.86 5014237.245 3.82
470669.85 5014242.955 2.90
470434.86 5014267.245 7.35
470464.86 5014267.245 6.59
470494.86 5014267.245 4.68
470524.86 5014267.245 2.50
470554.85 5014267.245 3.90
470584.86 5014267.245 5.12
470614.86 5014267.245 17.68
470644.85 5014267.245 9.11
470584.86 5013907.245 2.34
470674.86 5014267.245 3.76
470704.86 5014267.245 1.44
470734.85 5014267.245 3.37
470764.86 5014267.245 6.24
470794.86 5014267.245 1.62
470824.86 5014267.245 2.36
470854.86 5014267.245 3.02
470884.86 5014267.245 2.64
470669.85 5014281.105 3.58
470434.86 5014297.255000001 4.99
470614.86 5013907.245 1.71
470464.86 5014297.245 3.56
470494.86 5014297.245 3.36
470524.86 5014297.245 4.07
470554.85 5014297.245 4.12
470584.86 5014297.245 3.84
470614.86 5014297.245 17.67
470644.85 5014297.245 5.65
470674.86 5014297.245 3.88
470704.86 5014297.245 5.98
470734.85 5014297.245 8.55
470644.85 5013907.245 0.51
470764.86 5014297.245 12.85
470794.86 5014297.245 3.36
470824.86 5014297.235 3.73
470854.86 5014297.235 3.00
470884.86 5014297.245 139.82
470669.85 5014309.365 4.08
470434.86 5014327.245 3.36
470464.86 5014327.245 3.88
470494.86 5014327.245 3.34
470524.86 5014327.245 8.96
470674.86 5013907.245 1.59
470554.85 5014327.235 3.98
470584.86 5014327.245 3.23
470614.86 5014327.235 5.25
470644.85 5014327.245 17.50
470674.86 5014327.245 35.45
470704.86 5014327.235 14.18
470734.85 5014327.245 6.63
470764.86 5014327.245 3.62
470794.86 5014327.245 1.89
470824.86 5014327.245 2.89
470704.86 5013907.245 1.48
470854.86 5014327.235 5.59
470884.86 5014327.245 4.81
470909.86 5014327.245 2.56
470434.86 5014351.265000001 5.90
470464.86 5014351.265000001 1.91
470494.86 5014351.265000001 3.36
470524.86 5014351.265000001 3.69
470554.85 5014351.265000001 2.76
470584.86 5014351.265000001 2.48
470614.86 5014351.265000001 1.69
470734.85 5013907.235 9.02
470644.85 5014351.265000001 3.48
470674.85 5014351.265000001 2.36
470704.86 5014351.265000001 2.73
470734.85 5014351.265000001 4.55
470764.86 5014351.265000001 1.85
470794.86 5014351.265000001 1.81
470824.86 5014351.265000001 2.86
470854.86 5014351.265000001 18.71
470884.86 5014351.265000001 3.94
470909.85 5014351.265000001 3.40
470764.86 5013907.245 1.58
470494.86 5013877.245 0.27
470794.86 5013907.245 1.13
470824.86 5013907.245 1.52
470854.86 5013907.245 1.13
470884.86 5013907.245 2.83
470669.85 5013921.475000001 2.71
470434.85 5013937.235 1.03
470464.86 5013937.245 0.23
470494.86 5013937.245 0.41
470524.86 5013937.235 0.04
470554.85 5013937.245 0.36
470524.86 5013877.245 0.62
470584.86 5013937.245 41.00
470614.86 5013937.235 2.36
470644.85 5013937.245 0.68
470674.86 5013937.245 0.52
470704.86 5013937.235 0.50
470734.86 5013937.245 0.59
470764.86 5013937.245 1.04
470794.86 5013937.245 0.95
470824.86 5013937.245 1.49
470854.86 5013937.245 2.75
470554.85 5013877.245 0.61
470884.86 5013937.245 6.33
470669.85 5013947.665 3.02
470434.86 5013967.245 0.53
470464.85 5013967.255000001 1.33
470494.86 5013967.245 0.66
470524.86 5013967.245 1.03
470554.85 5013967.245 11.29
470584.86 5013967.245 1.96
470614.86 5013967.245 2.28
470644.85 5013967.245 3.73
470584.86 5013877.245 0.52
470674.86 5013967.255000001 4.01
470704.86 5013967.245 4.52
470734.85 5013967.245 9.15
470764.86 5013967.245 8.10
470794.86 5013967.245 6.68
470824.86 5013967.245 8.06
470854.86 5013967.245 8.94
470884.86 5013967.245 7.80
470669.85 5013981.315 12.24
470434.86 5013997.245 0.84
470614.86 5013877.245 1.51
470464.86 5013997.245 1.81
470494.86 5013997.245 1.96
470524.86 5013997.245 1.26
470554.85 5013997.245 1.30
470584.86 5013997.245 0.85
470614.86 5013997.245 3.44
470644.85 5013997.245 2.15
470674.86 5013997.245 4.70
470704.86 5013997.245 9.24
470734.85 5013997.245 1.45
470644.85 5013877.245 0.78
470764.86 5013997.245 17.22
470794.86 5013997.245 8.90
470824.86 5013997.245 20.01
470854.86 5013997.245 4.20
470884.86 5013997.245 121.17
470669.85 5014003.675000001 1.96
470434.86 5014027.245 1.37
470464.86 5014027.245 1.52
470494.86 5014027.245 0.54
470524.86 5014027.245 0.42
470674.86 5013877.245 0.58
470554.85 5014027.245 0.60
470584.86 5014027.245 1.08
470614.86 5014027.245 1.54
470644.85 5014027.245 4.91
470674.86 5014027.245 2.61
470704.86 5014027.245 2.85
470734.85 5014027.245 1.52
470764.86 5014027.245 8.77
470794.86 5014027.245 4.96
470824.86 5014027.245 5.12
