472434.85 5014375.28 0.8233
472704.85 5014375.28 0.8235
472854.85 5014525.28 0.8225
472884.85 5014525.28 0.8244
472404.85 5014555.28 0.8306
472434.85 5014555.28 0.8234
472464.85 5014555.28 0.8228
472494.85 5014555.28 0.8232
472524.85 5014555.28 0.8237
472554.85 5014555.28 0.8233
472584.85 5014555.28 0.8228
472614.85 5014555.28 0.8227
472734.85 5014375.28 0.8229
472644.85 5014555.28 0.8227
472674.85 5014555.28 0.8233
472704.85 5014555.28 0.8228
472734.85 5014555.28 0.8225
472764.85 5014555.28 0.8229
472794.85 5014555.28 0.823
472824.85 5014555.28 0.8225
472854.85 5014555.28 0.8234
472884.85 5014555.28 0.8226
472404.85 5014585.28 0.831
472764.85 5014375.28 0.8227
472434.85 5014585.28 0.8232
472464.85 5014585.28 0.8232
472494.85 5014585.28 0.8233
472524.85 5014585.28 0.8255
472554.85 5014585.28 0.8235
472584.85 5014585.28 0.8227
472614.85 5014585.28 0.823
472644.85 5014585.28 0.8231
472674.85 5014585.28 0.8234
472704.85 5014585.28 0.8233
472794.85 5014375.28 0.8224
472734.85 5014585.28 0.8227
472764.85 5014585.28 0.8224
472794.85 5014585.28 0.8225
472824.85 5014585.28 0.8228
472854.85 5014585.28 0.8229
472884.85 5014585.28 0.8233
472404.85 5014615.28 0.8304
472434.85 5014615.28 0.8251
472464.85 5014615.28 0.8238
472494.85 5014615.28 0.8236
472824.85 5014375.28 0.8222
472524.85 5014615.28 0.8253
472554.85 5014615.28 0.824
472584.85 5014615.28 0.8227
472614.85 5014615.28 0.8236
472644.85 5014615.28 0.8239
472674.85 5014615.28 0.825
472704.85 5014615.28 0.823
472734.85 5014615.28 0.8229
472764.85 5014615.28 0.823
472794.85 5014615.28 0.8225
472854.85 5014375.28 0.8226
472824.85 5014615.28 0.8226
472854.85 5014615.28 0.8229
472884.85 5014615.28 0.8233
472404.85 5014645.28 0.8316
472434.85 5014645.28 0.8234
472464.85 5014645.28 0.8229
472494.85 5014645.28 0.8246
472524.85 5014645.28 0.8238
472554.85 5014645.28 0.8235
472584.85 5014645.28 0.823
472884.85 5014375.28 0.8229
472614.85 5014645.28 0.8226
472644.85 5014645.28 0.8231
472674.85 5014645.28 0.8233
472704.85 5014645.28 0.8228
472734.85 5014645.28 0.8235
472764.85 5014645.28 0.8232
472794.85 5014645.28 0.8229
472824.85 5014645.28 0.8228
472854.85 5014645.28 0.8229
472884.85 5014645.28 0.8233
472404.85 5014405.28 0.8329
472404.85 5014675.28 0.8312
472434.85 5014675.28 0.8234
472464.85 5014675.28 0.8228
472494.85 5014675.28 0.8239
472524.85 5014675.28 0.8247
472554.85 5014675.28 0.8231
472584.85 5014675.28 0.8232
472614.85 5014675.28 0.8225
472644.85 5014675.28 0.8228
472674.85 5014675.28 0.8229
472434.85 5014405.28 0.8231
472704.85 5014675.28 0.8229
472734.85 5014675.28 0.823
472764.85 5014675.28 0.823
472794.85 5014675.28 0.8232
472824.85 5014675.28 0.8223
472854.85 5014675.28 0.8224
472884.85 5014675.28 0.8232
472404.85 5014705.28 0.8281
472434.85 5014705.28 0.8229
472464.85 5014705.28 0.8234
472464.85 5014405.28 0.8231
472494.85 5014705.28 0.8232
472524.85 5014705.28 0.8229
472554.85 5014705.28 0.8228
472584.85 5014705.28 0.8226
472614.85 5014705.28 0.8228
472644.85 5014705.28 0.8224
472674.85 5014705.28 0.8223
472704.85 5014705.28 0.8224
472734.85 5014705.28 0.8228
472764.85 5014705.28 0.8222
472464.85 5014375.28 0.823
472494.85 5014405.28 0.8229
472794.85 5014705.28 0.8221
472824.85 5014705.28 0.8222
472854.85 5014705.28 0.8228
472884.85 5014705.28 0.822
472404.85 5014735.28 0.8258
472434.85 5014735.28 0.8229
472464.85 5014735.28 0.8225
472494.85 5014735.28 0.8229
472524.85 5014735.28 0.8225
472554.85 5014735.28 0.8224
472524.85 5014405.28 0.8237
472584.85 5014735.28 0.8223
472614.85 5014735.28 0.822
472644.85 5014735.28 0.8222
472674.85 5014735.28 0.8225
472704.85 5014735.28 0.8223
472734.85 5014735.28 0.8225
472764.85 5014735.28 0.8234
472794.85 5014735.28 0.8227
472824.85 5014735.28 0.8218
472854.85 5014735.28 0.8221
472554.85 5014405.28 0.823
472884.85 5014735.28 0.8223
472404.85 5014765.28 0.8259
472434.85 5014765.28 0.8244
472464.85 5014765.28 0.8238
472494.85 5014765.28 0.8238
472524.85 5014765.28 0.8231
472554.85 5014765.28 0.824
472584.85 5014765.28 0.8226
472614.85 5014765.28 0.8229
472644.85 5014765.28 0.8228
472584.85 5014405.28 0.8229
472674.85 5014765.28 0.8229
472704.85 5014765.28 0.8235
472734.85 5014765.28 0.8223
472764.85 5014765.28 0.823
472794.85 5014765.28 0.8235
472824.85 5014765.28 0.8222
472854.85 5014765.28 0.8226
472884.85 5014765.28 0.8229
472404.85 5014795.28 0.8261
472434.85 5014795.28 0.8236
472614.85 5014405.28 0.8231
472464.85 5014795.28 0.8232
472494.85 5014795.28 0.8238
472524.85 5014795.28 0.8236
472554.85 5014795.28 0.8225
472584.85 5014795.28 0.8222
472614.85 5014795.28 0.8226
472644.85 5014795.28 0.8224
472674.85 5014795.28 0.823
472704.85 5014795.28 0.8229
472734.85 5014795.28 0.8232
472644.85 5014405.28 0.823
472764.85 5014795.28 0.8223
472794.85 5014795.28 0.8225
472824.85 5014795.28 0.8234
472854.85 5014795.28 0.8233
472884.85 5014795.28 0.8229
472404.85 5014825.28 0.8257
472434.85 5014825.28 0.8236
472464.85 5014825.28 0.8242
472494.85 5014825.28 0.8242
472524.85 5014825.28 0.8233
472674.85 5014405.28 0.8231
472554.85 5014825.28 0.8233
472584.85 5014825.28 0.8224
472614.85 5014825.28 0.823
472644.85 5014825.28 0.8229
472674.85 5014825.28 0.8225
472704.85 5014825.28 0.8228
472734.85 5014825.28 0.8231
472764.85 5014825.28 0.8229
472794.85 5014825.28 0.8223
472824.85 5014825.28 0.8236
472704.85 5014405.28 0.8228
472854.85 5014825.28 0.8244
472884.85 5014825.28 0.8231
472404.85 5014855.28 0.8269
472434.85 5014855.28 0.8795
472464.85 5014855.28 0.8794
472494.85 5014855.28 0.8799
472524.85 5014855.28 0.8798
472554.85 5014855.28 0.8786
472584.85 5014855.28 0.879
472614.85 5014855.28 0.8787
472734.85 5014405.28 0.8237
472644.85 5014855.28 0.8792
472674.85 5014855.28 0.8796
472704.85 5014855.28 0.8789
472734.85 5014855.28 0.8788
472764.85 5014855.28 0.879
472794.85 5014855.28 0.8791
472824.85 5014855.28 0.8789
472854.85 5014855.28 0.8794
472884.85 5014855.28 0.8795
472404.85 5014885.28 0.8823
472764.85 5014405.28 0.8227
472494.85 5014375.28 0.8226
472794.85 5014405.28 0.8228
472824.85 5014405.28 0.8226
472854.85 5014405.28 0.8229
472884.85 5014405.28 0.8234
472404.85 5014435.28 0.8321
472434.85 5014435.28 0.8229
472464.85 5014435.28 0.823
472494.85 5014435.28 0.8226
472524.85 5014435.28 0.8235
472554.85 5014435.28 0.8235
472524.85 5014375.28 0.8233
472584.85 5014435.28 0.8229
472614.85 5014435.28 0.8234
472644.85 5014435.28 0.8238
472674.85 5014435.28 0.8233
472704.85 5014435.28 0.8232
472734.85 5014435.28 0.823
472764.85 5014435.28 0.823
472794.85 5014435.28 0.8226
472824.85 5014435.28 0.8225
472854.85 5014435.28 0.8227
472554.85 5014375.28 0.8231
472884.85 5014435.28 0.8233
472404.85 5014465.28 0.8329
472434.85 5014465.28 0.8234
472464.85 5014465.28 0.823
472494.85 5014465.28 0.8229
472524.85 5014465.28 0.8237
472554.85 5014465.28 0.8232
472584.85 5014465.28 0.823
472614.85 5014465.28 0.8238
472644.85 5014465.28 0.8233
472584.85 5014375.28 0.8223
472674.85 5014465.28 0.8231
472704.85 5014465.28 0.8231
472734.85 5014465.28 0.8231
472764.85 5014465.28 0.8227
472794.85 5014465.28 0.8226
472824.85 5014465.28 0.823
472854.85 5014465.28 0.8229
472884.85 5014465.28 0.8234
472404.85 5014495.28 0.8384
472434.85 5014495.28 0.8225
472614.85 5014375.28 0.823
472464.85 5014495.28 0.8223
472494.85 5014495.28 0.823
472524.85 5014495.28 0.8233
472554.85 5014495.28 0.823
472584.85 5014495.28 0.8233
472614.85 5014495.28 0.8228
472644.85 5014495.28 0.8223
472674.85 5014495.28 0.8228
472704.85 5014495.28 0.8223
472734.85 5014495.28 0.8227
472644.85 5014375.28 0.8227
472764.85 5014495.28 0.8227
472794.85 5014495.28 0.8222
472824.85 5014495.28 0.8227
472854.85 5014495.28 0.8225
472884.85 5014495.28 0.8224
472404.85 5014525.28 0.8352
472434.85 5014525.28 0.8226
472464.85 5014525.28 0.8227
472494.85 5014525.28 0.8234
472524.85 5014525.28 0.823
472674.85 5014375.28 0.823
472554.85 5014525.28 0.8227
472584.85 5014525.28 0.8225
472614.85 5014525.28 0.8219
472644.85 5014525.28 0.8222
472674.85 5014525.28 0.8226
472704.85 5014525.28 0.8233
472734.85 5014525.28 0.8223
472764.85 5014525.28 0.8224
472794.85 5014525.28 0.8225
472824.85 5014525.28 0.8225
