472434.855 5014375.275 2.75
472704.845 5014375.275 6.80
472854.845 5014525.275 1.30
472884.845 5014525.275 1.07
472909.845 5014525.275 1.48
472434.845 5014555.275 1.19
472464.845 5014555.275 1.77
472494.845 5014555.275 1.24
472524.845 5014555.275 1.27
472554.845 5014555.275 0.94
472584.845 5014555.275 1.35
472614.845 5014555.275 1.18
472734.845 5014375.275 1.02
472644.845 5014555.275 1.52
472674.855 5014555.275 1.20
472704.845 5014555.275 1.24
472734.845 5014555.275 1.23
472764.845 5014555.275 0.67
472794.845 5014555.275 1.01
472824.845 5014555.275 1.19
472854.845 5014555.275 1.49
472884.845 5014555.275 0.96
472909.845 5014555.275 0.75
472764.845 5014375.275 0.99
472434.845 5014585.275 1.61
472464.845 5014585.275 1.61
472494.845 5014585.275 2.05
472524.845 5014585.275 0.91
472554.845 5014585.275 0.91
472584.845 5014585.275 1.01
472614.845 5014585.275 1.18
472644.845 5014585.275 1.70
472674.845 5014585.275 1.39
472704.845 5014585.275 1.23
472794.845 5014375.275 1.41
472734.845 5014585.275 1.57
472764.845 5014585.275 0.76
472794.845 5014585.275 1.40
472824.845 5014585.275 1.66
472854.845 5014585.275 0.91
472884.845 5014585.275 0.69
472909.845 5014585.285 0.78
472434.845 5014615.275 2.41
472464.845 5014615.275 1.36
472494.845 5014615.275 1.33
472824.845 5014375.275 1.83
472524.845 5014615.275 1.24
472554.845 5014615.275 1.46
472584.845 5014615.275 0.64
472614.845 5014615.275 1.02
472644.845 5014615.275 0.85
472674.845 5014615.275 1.16
472704.845 5014615.275 1.14
472734.845 5014615.275 1.07
472764.845 5014615.275 1.72
472794.845 5014615.275 1.40
472854.845 5014375.275 1.36
472824.845 5014615.275 1.45
472854.845 5014615.275 1.21
472884.845 5014615.275 1.11
472909.845 5014615.275 0.26
472434.845 5014645.275 1.58
472464.845 5014645.275 8.37
472494.845 5014645.275 0.70
472524.83499999996 5014645.275 1.52
472554.845 5014645.275 1.32
472584.845 5014645.275 0.61
472884.845 5014375.275 0.89
472614.845 5014645.275 1.41
472644.845 5014645.275 1.52
472674.845 5014645.275 0.52
472704.845 5014645.275 1.28
472734.845 5014645.275 0.67
472764.845 5014645.275 1.37
472794.845 5014645.275 1.79
472824.845 5014645.275 2.15
472854.845 5014645.275 0.60
472884.845 5014645.275 0.70
472909.845 5014375.275 1.45
472909.845 5014645.275 0.68
472434.845 5014675.275 7.14
472464.845 5014675.275 0.96
472494.83499999996 5014675.275 1.84
472524.845 5014675.275 1.57
472554.845 5014675.275 0.95
472584.845 5014675.275 1.43
472614.845 5014675.275 0.51
472644.845 5014675.275 1.16
472674.845 5014675.275 1.54
472434.845 5014405.275 1.75
472704.845 5014675.275 0.86
472734.845 5014675.275 1.16
472764.845 5014675.275 0.62
472794.845 5014675.275 1.83
472824.845 5014675.275 1.80
472854.845 5014675.275 1.63
472884.83499999996 5014675.275 0.27
472909.845 5014675.275 1.79
472434.845 5014705.275 5.50
472464.845 5014705.275 3.14
472464.845 5014405.285 6.59
472494.845 5014705.275 4.68
472524.845 5014705.275 1.33
472554.855 5014705.275 0.85
472584.845 5014705.275 1.13
472614.845 5014705.275 0.86
472644.845 5014705.275 1.21
472674.845 5014705.275 1.40
472704.845 5014705.275 0.87
472734.845 5014705.275 1.00
472764.845 5014705.275 1.01
472464.845 5014375.275 6.72
472494.845 5014405.275 0.87
472794.845 5014705.275 1.00
472824.83499999996 5014705.275 0.82
472854.845 5014705.275 1.02
472884.845 5014705.275 0.93
472909.845 5014705.275 1.19
472434.845 5014735.275 7.46
472464.845 5014735.275 3.56
472494.845 5014735.275 1.86
472524.845 5014735.275 1.75
472554.845 5014735.275 1.61
472524.845 5014405.275 0.73
472584.845 5014735.275 1.43
472614.845 5014735.275 1.36
472644.845 5014735.275 1.46
472674.845 5014735.275 0.64
472704.845 5014735.275 1.07
472734.845 5014735.275 0.66
472764.845 5014735.275 0.47
472794.845 5014735.275 0.92
472824.845 5014735.275 1.25
472854.845 5014735.275 0.45
472554.845 5014405.275 1.00
472884.845 5014735.275 0.71
472909.845 5014735.275 1.17
472434.845 5014765.275 5.20
472464.855 5014765.275 2.59
472494.845 5014765.275 2.59
472524.845 5014765.275 1.51
472554.845 5014765.275 0.21
472584.845 5014765.275 0.36
472614.845 5014765.275 0.97
472644.845 5014765.275 1.02
472584.845 5014405.285 0.91
472674.845 5014765.275 0.54
472704.845 5014765.275 0.68
472734.845 5014765.275 0.73
472764.845 5014765.275 0.65
472794.845 5014765.275 1.41
472824.845 5014765.275 2.17
472854.845 5014765.275 0.30
472884.845 5014765.275 0.65
472909.845 5014765.275 1.24
472434.845 5014795.275 4.72
472614.845 5014405.275 0.75
472464.845 5014795.275 2.97
472494.845 5014795.275 3.00
472524.845 5014795.275 3.08
472554.845 5014795.275 0.65
472584.845 5014795.275 0.39
472614.845 5014795.275 1.72
472644.845 5014795.275 1.67
472674.845 5014795.275 1.42
472704.845 5014795.275 0.99
472734.845 5014795.275 0.01
472644.845 5014405.275 0.94
472764.845 5014795.275 1.16
472794.845 5014795.275 1.30
472824.845 5014795.275 3.38
472854.845 5014795.275 0.48
472884.845 5014795.285 1.10
472909.845 5014795.275 0.97
472434.845 5014825.275 4.18
472464.845 5014825.275 4.35
472494.845 5014825.265000001 3.91
472524.845 5014825.275 3.00
472674.845 5014405.275 1.40
472554.845 5014825.275 2.27
472584.845 5014825.275 1.55
472614.845 5014825.275 3.76
472644.845 5014825.275 2.65
472674.845 5014825.275 1.34
472704.845 5014825.275 1.41
472734.845 5014825.275 0.76
472764.845 5014825.275 1.50
472794.845 5014825.275 2.82
472824.845 5014825.275 9.59
472704.845 5014405.275 1.07
472854.845 5014825.275 1.27
472884.845 5014825.285 0.62
472909.845 5014825.275 1.24
472434.845 5014850.265000001 8.31
472464.845 5014850.275 3.21
472494.83499999996 5014850.275 1.40
472524.855 5014850.275 8.67
472554.845 5014850.275 7.88
472584.845 5014850.275 2.23
472614.845 5014850.275 10.34
472734.845 5014405.275 1.20
472644.845 5014850.275 2.61
472674.845 5014850.275 1.42
472704.83499999996 5014850.275 3.30
472734.845 5014850.275 2.59
472764.845 5014850.275 3.31
472794.845 5014850.275 1.38
472824.845 5014850.275 0.49
472854.855 5014850.275 1.06
472884.845 5014850.275 1.88
472909.845 5014850.275 0.48
472764.845 5014405.275 1.21
472494.845 5014375.275 12.20
472794.845 5014405.275 1.19
472824.845 5014405.275 1.28
472854.845 5014405.275 0.97
472884.845 5014405.275 0.42
472909.845 5014405.275 1.40
472434.83499999996 5014435.275 1.58
472464.845 5014435.275 1.56
472494.845 5014435.275 1.54
472524.845 5014435.275 1.15
472554.845 5014435.275 1.81
472524.845 5014375.275 10.76
472584.845 5014435.275 0.74
472614.845 5014435.275 1.44
472644.845 5014435.275 3.23
472674.845 5014435.275 1.43
472704.845 5014435.285 2.55
472734.845 5014435.275 1.71
472764.845 5014435.275 1.52
472794.845 5014435.275 0.81
472824.845 5014435.275 1.09
472854.845 5014435.275 0.84
472554.845 5014375.275 2.02
472884.845 5014435.275 1.36
472909.83499999996 5014435.275 1.47
472434.845 5014465.275 1.58
472464.845 5014465.275 1.83
472494.845 5014465.275 1.64
472524.845 5014465.275 1.13
472554.845 5014465.275 1.44
472584.845 5014465.275 0.98
472614.83499999996 5014465.275 1.05
472644.845 5014465.275 2.71
472584.845 5014375.275 0.71
472674.845 5014465.275 2.50
472704.845 5014465.275 1.04
472734.845 5014465.275 2.98
472764.845 5014465.275 1.64
472794.845 5014465.275 1.20
472824.845 5014465.275 1.13
472854.845 5014465.275 1.00
472884.845 5014465.275 1.22
472909.845 5014465.275 1.67
472434.845 5014495.275 1.85
472614.845 5014375.275 1.42
472464.845 5014495.275 1.78
472494.845 5014495.275 2.16
472524.845 5014495.275 2.22
472554.845 5014495.275 6.69
472584.845 5014495.275 5.46
472614.845 5014495.275 1.44
472644.845 5014495.275 1.93
472674.845 5014495.275 2.36
472704.845 5014495.275 1.93
472734.845 5014495.275 2.55
472644.845 5014375.275 0.56
472764.845 5014495.275 2.02
472794.845 5014495.275 1.48
472824.845 5014495.275 2.42
472854.845 5014495.275 1.96
472884.845 5014495.275 1.29
472909.845 5014495.285 0.93
472434.845 5014525.275 1.00
472464.845 5014525.275 1.62
472494.845 5014525.275 1.42
472524.845 5014525.275 0.77
472674.845 5014375.275 2.75
472554.845 5014525.275 1.46
472584.845 5014525.275 1.54
472614.845 5014525.275 1.25
472644.845 5014525.275 1.70
472674.845 5014525.275 1.57
472704.845 5014525.275 1.28
472734.845 5014525.275 1.30
472764.845 5014525.275 1.07
472794.845 5014525.275 0.91
472824.845 5014525.275 1.24
