469987.16 5014483.59 0.8539
470017.16 5014483.59 0.6696
470047.16 5014483.59 0.6672
470077.16 5014483.59 0.6662
470107.16 5014483.59 0.6671
470137.16 5014483.59 0.6724
470167.16 5014483.59 0.6754
470197.16 5014483.59 0.6733
470227.16 5014483.59 0.67
470257.16 5014483.59 0.666
470287.16 5014483.59 0.6647
470317.16 5014483.59 0.668
470347.16 5014483.59 0.6661
470377.16 5014483.59 0.6656
470407.16 5014483.59 0.671
470437.16 5014483.59 0.6699
470467.16 5014483.59 0.6683
470497.16 5014483.59 0.6683
470527.16 5014483.59 0.6699
470557.16 5014483.59 0.6714
469597.16 5014513.59 0.6996
469987.16 5014513.59 0.8566
470017.16 5014513.59 0.6686
470047.16 5014513.59 0.6689
470077.16 5014513.59 0.6782
470107.16 5014513.59 0.6709
470137.16 5014513.59 0.6771
470167.16 5014513.59 0.6786
470197.16 5014513.59 0.6779
470227.16 5014513.59 0.67
470257.16 5014513.59 0.6673
470287.16 5014513.59 0.6652
470317.16 5014513.59 0.6664
470347.16 5014513.59 0.6664
470377.16 5014513.59 0.6661
470407.16 5014513.59 0.6715
470437.16 5014513.59 0.6691
470467.16 5014513.59 0.6707
470497.16 5014513.59 0.6701
470527.16 5014513.59 0.673
470557.16 5014513.59 0.6706
469597.16 5014543.59 0.6974
469987.16 5014543.59 0.8833
470017.16 5014543.59 0.6734
470047.16 5014543.59 0.6781
470077.16 5014543.59 0.6826
470107.16 5014543.59 0.6766
470137.16 5014543.59 0.6775
470167.16 5014543.59 0.6857
470197.16 5014543.59 0.6779
470227.16 5014543.59 0.6716
470257.16 5014543.59 0.6675
470287.16 5014543.59 0.6683
470317.16 5014543.59 0.6679
470347.16 5014543.59 0.6675
470377.16 5014543.59 0.67
470407.16 5014543.59 0.6712
470437.16 5014543.59 0.6737
470467.16 5014543.59 0.6728
470497.16 5014543.59 0.6731
470527.16 5014543.59 0.6756
470557.16 5014543.59 0.6777
469597.16 5014573.59 0.7053
469987.16 5014573.59 0.8798
470017.16 5014573.59 0.675
470047.16 5014573.59 0.6796
470077.16 5014573.59 0.6799
470107.16 5014573.59 0.6743
470137.16 5014573.59 0.6816
470167.16 5014573.59 0.6879
470197.16 5014573.59 0.6817
470227.16 5014573.59 0.6708
470257.16 5014573.59 0.6697
470287.16 5014573.59 0.6668
470317.16 5014573.59 0.668
470347.16 5014573.59 0.6681
470377.16 5014573.59 0.6687
470407.16 5014573.59 0.6726
470437.16 5014573.59 0.6772
470467.16 5014573.59 0.6723
470497.16 5014573.59 0.6721
469987.16 5013673.59 0.781
470527.16 5014573.59 0.6731
470557.16 5014573.59 0.6767
469597.16 5014603.59 0.7092
470017.16 5013673.59 0.688
469987.16 5014603.59 0.8778
470017.16 5014603.59 0.6704
470047.16 5014603.59 0.6782
470077.16 5014603.59 0.6865
470107.16 5014603.59 0.6729
470047.16 5013673.59 0.6924
470137.16 5014603.59 0.6847
470167.16 5014603.59 0.6858
470197.16 5014603.59 0.6791
470227.16 5014603.59 0.671
470257.16 5014603.59 0.6693
470287.16 5014603.59 0.6681
470317.16 5014603.59 0.6675
470347.16 5014603.59 0.6679
470377.16 5014603.59 0.6683
470407.16 5014603.59 0.6753
470077.16 5013673.59 0.6804
470437.16 5014603.59 0.6746
470467.16 5014603.59 0.6739
470497.16 5014603.59 0.6738
470527.16 5014603.59 0.6733
470557.16 5014603.59 0.6778
469597.16 5014633.59 0.702
470107.16 5013673.59 0.6667
469987.16 5014633.59 0.8827
470017.16 5014633.59 0.6718
470137.16 5013673.59 0.669
470047.16 5014633.59 0.6687
470077.16 5014633.59 0.6783
470107.16 5014633.59 0.6705
470137.16 5014633.59 0.6792
470167.16 5014633.59 0.6927
470197.16 5014633.59 0.6808
470227.16 5014633.59 0.6697
470257.16 5014633.59 0.6693
470287.16 5014633.59 0.6683
470317.16 5014633.59 0.6695
470167.16 5013673.59 0.6786
470347.16 5014633.59 0.6688
470377.16 5014633.59 0.667
470407.16 5014633.59 0.6713
470437.16 5014633.59 0.6777
470467.16 5014633.59 0.6707
470497.16 5014633.59 0.6704
470527.16 5014633.59 0.6684
470557.16 5014633.59 0.6699
469597.16 5014663.59 0.6868
470197.16 5013673.59 0.6772
470227.16 5013673.59 0.6756
469987.16 5014663.59 0.9204
470017.16 5014663.59 0.711
470047.16 5014663.59 0.6896
470077.16 5014663.59 0.6947
470107.16 5014663.59 0.6995
470137.16 5014663.59 0.6889
470167.16 5014663.59 0.6931
470197.16 5014663.59 0.6826
470227.16 5014663.59 0.6777
470257.16 5013673.59 0.6735
470257.16 5014663.59 0.6716
470287.16 5014663.59 0.6787
470317.16 5014663.59 0.6821
470347.16 5014663.59 0.6816
470377.16 5014663.59 0.6822
470407.16 5014663.59 0.6811
470437.16 5014663.59 0.6843
470467.16 5014663.59 0.6812
470497.16 5014663.59 0.6798
470527.16 5014663.59 0.6746
470287.16 5013673.59 0.6804
470557.16 5014663.59 0.6701
469597.16 5014693.59 0.6732
470317.16 5013673.59 0.7074
469987.16 5014693.59 0.9374
470017.16 5014693.59 0.7502
470047.16 5014693.59 0.7526
470077.16 5014693.59 0.7313
470107.16 5014693.59 0.7437
470137.16 5014693.59 0.726
470347.16 5013673.59 0.7099
470167.16 5014693.59 0.7026
470197.16 5014693.59 0.6801
470227.16 5014693.59 0.6764
470257.16 5014693.59 0.6739
470287.16 5014693.59 0.67
470317.16 5014693.59 0.6733
470347.16 5014693.59 0.6799
470377.16 5014693.59 0.6846
470407.16 5014693.59 0.682
470437.16 5014693.59 0.6846
470377.16 5013673.59 0.7185
470467.16 5014693.59 0.6853
470497.16 5014693.59 0.6898
470527.16 5014693.59 0.687
470557.16 5014693.59 0.6761
469597.16 5014723.59 0.6879
470407.16 5013673.59 0.704
469987.16 5014723.59 0.9566
470017.16 5014723.59 0.7481
470047.16 5014723.59 0.7461
470437.16 5013673.59 0.7117
470077.16 5014723.59 0.7335
470107.16 5014723.59 0.7465
470137.16 5014723.59 0.7264
470167.16 5014723.59 0.7031
470197.16 5014723.59 0.684
470227.16 5014723.59 0.6787
470257.16 5014723.59 0.6751
470287.16 5014723.59 0.6708
470317.16 5014723.59 0.6744
470347.16 5014723.59 0.6797
470467.16 5013673.59 0.7457
470377.16 5014723.59 0.685
470407.16 5014723.59 0.6849
470437.16 5014723.59 0.6895
470467.16 5014723.59 0.6836
470497.16 5014723.59 0.6888
470527.16 5014723.59 0.6831
470557.16 5014723.59 0.6733
469597.16 5014753.59 0.6891
470497.16 5013673.59 0.8046
469987.16 5013583.59 0.8431
470527.16 5013673.59 0.7913
469987.16 5014753.59 0.9792
470017.16 5014753.59 0.8942
470047.16 5014753.59 0.9465
470077.16 5014753.59 0.7779
470107.16 5014753.59 0.7546
470137.16 5014753.59 0.7436
470167.16 5014753.59 0.7051
470197.16 5014753.59 0.687
470227.16 5014753.59 0.6779
470257.16 5014753.59 0.6764
470557.16 5013673.59 0.8433
470287.16 5014753.59 0.6698
470317.16 5014753.59 0.6733
470347.16 5014753.59 0.6825
470377.16 5014753.59 0.6867
470407.16 5014753.59 0.6915
470437.16 5014753.59 0.6911
470467.16 5014753.59 0.6891
470497.16 5014753.59 0.6901
470527.16 5014753.59 0.6838
470557.16 5014753.59 0.6763
469597.16 5013703.59 0.906
469597.16 5014783.59 0.6972
469987.16 5014783.59 0.9717
470017.16 5014783.59 0.858
470047.16 5014783.59 0.7787
470077.16 5014783.59 0.7276
470107.16 5014783.59 0.7697
470137.16 5014783.59 0.7474
470167.16 5014783.59 0.7253
470197.16 5014783.59 0.6817
470227.16 5014783.59 0.6815
470257.16 5014783.59 0.6757
470287.16 5014783.59 0.6685
470317.16 5014783.59 0.6694
470347.16 5014783.59 0.679
470377.16 5014783.59 0.6887
470407.16 5014783.59 0.6962
470437.16 5014783.59 0.6916
470467.16 5014783.59 0.693
470497.16 5014783.59 0.6921
470527.16 5014783.59 0.6888
470557.16 5014783.59 0.6771
469597.16 5014813.59 0.7
469987.16 5014813.59 0.9458
470017.16 5014813.59 0.7144
470047.16 5014813.59 0.7117
470077.16 5014813.59 0.722
470107.16 5014813.59 0.7837
470137.16 5014813.59 0.7631
470167.16 5014813.59 0.7264
470197.16 5014813.59 0.6875
470227.16 5014813.59 0.6795
470257.16 5014813.59 0.6733
470287.16 5014813.59 0.6678
470317.16 5014813.59 0.6714
470347.16 5014813.59 0.6774
470377.16 5014813.59 0.6877
470407.16 5014813.59 0.6951
470437.16 5014813.59 0.6928
470467.16 5014813.59 0.6913
470497.16 5014813.59 0.6929
470527.16 5014813.59 0.6874
470557.16 5014813.59 0.6733
469597.16 5014843.59 0.7094
469987.16 5014843.59 0.9588
470017.16 5013583.59 0.741
470017.16 5014843.59 0.7657
470047.16 5014843.59 0.7708
470077.16 5014843.59 0.7854
470107.16 5014843.59 0.7611
470137.16 5014843.59 0.7259
470167.16 5014843.59 0.714
470197.16 5014843.59 0.6915
470227.16 5014843.59 0.7015
470257.16 5014843.59 0.7057
470287.16 5014843.59 0.6856
470317.16 5014843.59 0.6873
470347.16 5014843.59 0.7134
470377.16 5014843.59 0.7179
470407.16 5014843.59 0.714
470437.16 5014843.59 0.6998
470467.16 5014843.59 0.6809
470497.16 5014843.59 0.6807
470527.16 5014843.59 0.6827
470557.16 5014843.59 0.673
469597.16 5014873.59 0.6964
469987.16 5014873.59 0.9428
470017.16 5014873.59 0.7022
470047.16 5014873.59 0.7111
470077.16 5014873.59 0.7558
470107.16 5014873.59 0.7249
470137.16 5014873.59 0.7166
470167.16 5014873.59 0.7023
470197.16 5014873.59 0.7061
470227.16 5014873.59 0.6927
470257.16 5014873.59 0.7015
470287.16 5014873.59 0.6834
470317.16 5014873.59 0.6828
470347.16 5014873.59 0.6921
470377.16 5014873.59 0.6825
470407.16 5014873.59 0.6813
470437.16 5014873.59 0.6804
470467.16 5014873.59 0.6827
470497.16 5014873.59 0.685
469987.16 5013703.59 0.8077
470527.16 5014873.59 0.6937
470557.16 5014873.59 0.6814
469597.16 5014903.59 0.704
470017.16 5013703.59 0.702
469987.16 5014903.59 0.9484
470017.16 5014903.59 0.7057
470047.16 5014903.59 0.7279
470077.16 5014903.59 0.7732
470107.16 5014903.59 0.7633
470047.16 5013703.59 0.7003
470137.16 5014903.59 0.7229
470167.16 5014903.59 0.7052
470197.16 5014903.59 0.7018
470227.16 5014903.59 0.7079
470257.16 5014903.59 0.7085
470287.16 5014903.59 0.6842
470317.16 5014903.59 0.6792
470347.16 5014903.59 0.6854
470377.16 5014903.59 0.6751
470407.16 5014903.59 0.6808
470077.16 5013703.59 0.6734
470437.16 5014903.59 0.6872
470467.16 5014903.59 0.6891
470497.16 5014903.59 0.6847
470527.16 5014903.59 0.6976
470557.16 5014903.59 0.6874
469597.16 5014933.59 0.7084
470107.16 5013703.59 0.669
469987.16 5014933.59 0.9556
470017.16 5014933.59 0.7132
470047.16 5013583.59 0.7404
470137.16 5013703.59 0.6654
470047.16 5014933.59 0.7377
470077.16 5014933.59 0.7878
470107.16 5014933.59 0.8179
470137.16 5014933.59 0.7291
470167.16 5014933.59 0.7004
470197.16 5014933.59 0.7067
470227.16 5014933.59 0.7085
470257.16 5014933.59 0.7098
470287.16 5014933.59 0.6854
470317.16 5014933.59 0.6844
470167.16 5013703.59 0.7048
470347.16 5014933.59 0.6915
470377.16 5014933.59 0.6883
470407.16 5014933.59 0.6844
470437.16 5014933.59 0.6989
470467.16 5014933.59 0.6908
470497.16 5014933.59 0.6917
470527.16 5014933.59 0.6996
470557.16 5014933.59 0.6962
469597.16 5014963.59 0.7202
469627.16 5014963.59 0.9144
470197.16 5013703.59 0.6984
469657.16 5014963.59 0.9008
469687.16 5014963.59 0.8993
469717.16 5014963.59 0.9765
469747.16 5014963.59 0.9695
469777.16 5014963.59 0.8937
469807.16 5014963.59 0.8945
469837.16 5014963.59 0.8975
469867.16 5014963.59 0.8953
469897.16 5014963.59 0.9005
469927.16 5014963.59 0.9392
470227.16 5013703.59 0.693
469957.16 5014963.59 0.9252
469987.16 5014963.59 0.9062
470017.16 5014963.59 0.8927
470047.16 5014963.59 0.9038
470077.16 5014963.59 0.9146
470107.16 5014963.59 0.942
470137.16 5014963.59 0.9142
470167.16 5014963.59 0.8944
470197.16 5014963.59 0.8971
470227.16 5014963.59 0.9009
470257.16 5013703.59 0.6891
470257.16 5014963.59 0.8987
470287.16 5014963.59 0.8931
470317.16 5014963.59 0.8941
470347.16 5014963.59 0.8988
470377.16 5014963.59 0.9022
470407.16 5014963.59 0.8997
470437.16 5014963.59 0.901
470467.16 5014963.59 0.9059
470497.16 5014963.59 0.9066
470527.16 5014963.59 0.9108
470287.16 5013703.59 0.682
470557.16 5014963.59 0.9075
469597.16 5014993.59 0.9194
470317.16 5013703.59 0.748
470347.16 5013703.59 0.7278
470377.16 5013703.59 0.7062
470407.16 5013703.59 0.7071
470077.16 5013583.59 0.746
470437.16 5013703.59 0.8143
470467.16 5013703.59 0.6952
470497.16 5013703.59 0.7424
470527.16 5013703.59 0.7423
470557.16 5013703.59 0.81
469597.16 5013733.59 0.8857
470107.16 5013583.59 0.739
469987.16 5013733.59 0.8247
470017.16 5013733.59 0.7018
470137.16 5013583.59 0.732
470047.16 5013733.59 0.7106
470077.16 5013733.59 0.6689
470107.16 5013733.59 0.6672
470137.16 5013733.59 0.6701
470167.16 5013733.59 0.7044
470197.16 5013733.59 0.6879
470227.16 5013733.59 0.6827
470257.16 5013733.59 0.6961
470287.16 5013733.59 0.6788
470317.16 5013733.59 0.7294
470167.16 5013583.59 0.7209
470347.16 5013733.59 0.7843
470377.16 5013733.59 0.7673
470407.16 5013733.59 0.7269
470437.16 5013733.59 0.7269
470467.16 5013733.59 0.6933
470497.16 5013733.59 0.7889
470527.16 5013733.59 0.8001
470557.16 5013733.59 0.8638
469597.16 5013763.59 0.8831
470197.16 5013583.59 0.71
470227.16 5013583.59 0.7114
469987.16 5013763.59 0.8135
470017.16 5013763.59 0.7094
470047.16 5013763.59 0.7137
470077.16 5013763.59 0.6655
470107.16 5013763.59 0.666
470137.16 5013763.59 0.6737
470167.16 5013763.59 0.6942
470197.16 5013763.59 0.681
470227.16 5013763.59 0.688
470257.16 5013583.59 0.701
470257.16 5013763.59 0.7039
470287.16 5013763.59 0.6791
470317.16 5013763.59 0.7597
470347.16 5013763.59 0.7408
470377.16 5013763.59 0.7407
470407.16 5013763.59 0.7002
470437.16 5013763.59 0.6955
470467.16 5013763.59 0.7392
470497.16 5013763.59 0.7619
470527.16 5013763.59 0.7927
470287.16 5013583.59 0.6997
470557.16 5013763.59 0.7838
469597.16 5013793.59 0.8886
470317.16 5013583.59 0.6975
469987.16 5013793.59 0.8354
470017.16 5013793.59 0.7074
470047.16 5013793.59 0.686
470077.16 5013793.59 0.6669
470107.16 5013793.59 0.6653
470137.16 5013793.59 0.6827
470347.16 5013583.59 0.6921
470167.16 5013793.59 0.6883
470197.16 5013793.59 0.6798
470227.16 5013793.59 0.6842
470257.16 5013793.59 0.6946
470287.16 5013793.59 0.696
470317.16 5013793.59 0.7286
470347.16 5013793.59 0.7213
470377.16 5013793.59 0.7053
470407.16 5013793.59 0.6923
470437.16 5013793.59 0.6961
470377.16 5013583.59 0.7
470467.16 5013793.59 0.7826
470497.16 5013793.59 0.7413
470527.16 5013793.59 0.7647
470557.16 5013793.59 0.77
469597.16 5013823.59 0.8727
470407.16 5013583.59 0.7008
469987.16 5013823.59 0.8541
470017.16 5013823.59 0.7025
470047.16 5013823.59 0.6718
470437.16 5013583.59 0.7243
470077.16 5013823.59 0.6671
470107.16 5013823.59 0.6666
470137.16 5013823.59 0.6905
470167.16 5013823.59 0.6802
470197.16 5013823.59 0.6796
470227.16 5013823.59 0.6913
470257.16 5013823.59 0.6909
470287.16 5013823.59 0.6743
470317.16 5013823.59 0.7151
470347.16 5013823.59 0.7214
470467.16 5013583.59 0.7118
470377.16 5013823.59 0.7012
470407.16 5013823.59 0.6944
470437.16 5013823.59 0.7129
470467.16 5013823.59 0.7497
470497.16 5013823.59 0.7537
470527.16 5013823.59 0.7772
470557.16 5013823.59 0.7371
469597.16 5013853.59 0.8018
470497.16 5013583.59 0.698
470527.16 5013583.59 0.7117
469987.16 5013853.59 0.8301
470017.16 5013853.59 0.6986
470047.16 5013853.59 0.6688
470077.16 5013853.59 0.6688
470107.16 5013853.59 0.6672
470137.16 5013853.59 0.6973
470167.16 5013853.59 0.6796
470197.16 5013853.59 0.6991
470227.16 5013853.59 0.6893
470257.16 5013853.59 0.6955
470557.16 5013583.59 0.6954
470287.16 5013853.59 0.6714
470317.16 5013853.59 0.7044
470347.16 5013853.59 0.7073
470377.16 5013853.59 0.6956
470407.16 5013853.59 0.6849
470437.16 5013853.59 0.7583
470467.16 5013853.59 0.7387
470497.16 5013853.59 0.8415
470527.16 5013853.59 0.7404
470557.16 5013853.59 0.7187
469597.16 5013613.59 0.7538
469597.16 5013883.59 0.8024
469987.16 5013883.59 0.7886
470017.16 5013883.59 0.6755
470047.16 5013883.59 0.666
470077.16 5013883.59 0.6662
470107.16 5013883.59 0.6667
470137.16 5013883.59 0.6778
470167.16 5013883.59 0.6711
470197.16 5013883.59 0.6717
470227.16 5013883.59 0.6792
470257.16 5013883.59 0.691
470287.16 5013883.59 0.6785
470317.16 5013883.59 0.6817
470347.16 5013883.59 0.7256
470377.16 5013883.59 0.6952
470407.16 5013883.59 0.7033
470437.16 5013883.59 0.7794
470467.16 5013883.59 0.7861
470497.16 5013883.59 0.8768
470527.16 5013883.59 0.7357
470557.16 5013883.59 0.7389
469597.16 5013913.59 0.8197
469987.16 5013913.59 0.8045
470017.16 5013913.59 0.6768
470047.16 5013913.59 0.6671
470077.16 5013913.59 0.6687
470107.16 5013913.59 0.6746
470137.16 5013913.59 0.6896
470167.16 5013913.59 0.678
470197.16 5013913.59 0.6783
470227.16 5013913.59 0.7211
470257.16 5013913.59 0.7224
470287.16 5013913.59 0.7172
470317.16 5013913.59 0.7129
470347.16 5013913.59 0.7244
470377.16 5013913.59 0.7043
470407.16 5013913.59 0.6863
470437.16 5013913.59 0.7404
470467.16 5013913.59 0.7526
470497.16 5013913.59 0.7783
470527.16 5013913.59 0.7236
470557.16 5013913.59 0.7398
469597.16 5013943.59 0.8395
469987.16 5013943.59 0.8251
470017.16 5013943.59 0.6763
470047.16 5013943.59 0.6681
470077.16 5013943.59 0.6704
470107.16 5013943.59 0.6942
470137.16 5013943.59 0.6911
470167.16 5013943.59 0.6784
470197.16 5013943.59 0.6845
470227.16 5013943.59 0.7202
470257.16 5013943.59 0.7221
470287.16 5013943.59 0.728
470317.16 5013943.59 0.7522
470347.16 5013943.59 0.7248
470377.16 5013943.59 0.6867
470407.16 5013943.59 0.6894
470437.16 5013943.59 0.7521
470467.16 5013943.59 0.7727
470497.16 5013943.59 0.7849
470527.16 5013943.59 0.7755
470557.16 5013943.59 0.7419
469597.16 5013973.59 0.836
469987.16 5013973.59 0.8336
470017.16 5013973.59 0.6698
470047.16 5013973.59 0.6691
470077.16 5013973.59 0.668
470107.16 5013973.59 0.7051
470137.16 5013973.59 0.6862
470167.16 5013973.59 0.683
470197.16 5013973.59 0.6871
470227.16 5013973.59 0.7072
470257.16 5013973.59 0.7359
470287.16 5013973.59 0.7232
470317.16 5013973.59 0.7492
470347.16 5013973.59 0.712
470377.16 5013973.59 0.6867
470407.16 5013973.59 0.7035
470437.16 5013973.59 0.715
470467.16 5013973.59 0.8002
470497.16 5013973.59 0.761
469987.16 5013613.59 0.8339
470527.16 5013973.59 0.7667
470557.16 5013973.59 0.7379
469597.16 5014003.59 0.8371
470017.16 5013613.59 0.7216
469987.16 5014003.59 0.83
470017.16 5014003.59 0.6722
470047.16 5014003.59 0.67
470077.16 5014003.59 0.6689
470107.16 5014003.59 0.7132
470047.16 5013613.59 0.7256
470137.16 5014003.59 0.6886
470167.16 5014003.59 0.6837
470197.16 5014003.59 0.6901
470227.16 5014003.59 0.7106
470257.16 5014003.59 0.725
470287.16 5014003.59 0.7296
470317.16 5014003.59 0.7131
470347.16 5014003.59 0.7309
470377.16 5014003.59 0.688
470407.16 5014003.59 0.6924
470077.16 5013613.59 0.7267
470437.16 5014003.59 0.7331
470467.16 5014003.59 0.7244
470497.16 5014003.59 0.7755
470527.16 5014003.59 0.7837
470557.16 5014003.59 0.7452
469597.16 5014033.59 0.8404
470107.16 5013613.59 0.725
469987.16 5014033.59 0.8088
470017.16 5014033.59 0.6663
470137.16 5013613.59 0.7079
470047.16 5014033.59 0.669
470077.16 5014033.59 0.6696
470107.16 5014033.59 0.7016
470137.16 5014033.59 0.682
470167.16 5014033.59 0.6798
470197.16 5014033.59 0.7016
470227.16 5014033.59 0.7169
470257.16 5014033.59 0.7215
470287.16 5014033.59 0.7173
470317.16 5014033.59 0.7093
470167.16 5013613.59 0.7045
470347.16 5014033.59 0.6949
470377.16 5014033.59 0.6856
470407.16 5014033.59 0.686
470437.16 5014033.59 0.6863
470467.16 5014033.59 0.7116
470497.16 5014033.59 0.7624
470527.16 5014033.59 0.8331
470557.16 5014033.59 0.8975
469597.16 5014063.59 0.8798
470197.16 5013613.59 0.6888
470227.16 5013613.59 0.7001
469987.16 5014063.59 0.7834
470017.16 5014063.59 0.6651
470047.16 5014063.59 0.6656
470077.16 5014063.59 0.6674
470107.16 5014063.59 0.6785
470137.16 5014063.59 0.6731
470167.16 5014063.59 0.6754
470197.16 5014063.59 0.6786
470227.16 5014063.59 0.7
470257.16 5013613.59 0.6839
470257.16 5014063.59 0.7135
470287.16 5014063.59 0.7136
470317.16 5014063.59 0.7006
470347.16 5014063.59 0.6957
470377.16 5014063.59 0.6985
470407.16 5014063.59 0.7115
470437.16 5014063.59 0.6891
470467.16 5014063.59 0.7474
470497.16 5014063.59 0.78
470527.16 5014063.59 0.779
470287.16 5013613.59 0.6808
470557.16 5014063.59 0.839
469597.16 5014093.59 0.902
470317.16 5013613.59 0.6745
469987.16 5014093.59 0.8111
470017.16 5014093.59 0.6759
470047.16 5014093.59 0.6851
470077.16 5014093.59 0.6861
470107.16 5014093.59 0.7017
470137.16 5014093.59 0.683
470347.16 5013613.59 0.6776
470167.16 5014093.59 0.6876
470197.16 5014093.59 0.6983
470227.16 5014093.59 0.6962
470257.16 5014093.59 0.6925
470287.16 5014093.59 0.6847
470317.16 5014093.59 0.6834
470347.16 5014093.59 0.6786
470377.16 5014093.59 0.6699
470407.16 5014093.59 0.6761
470437.16 5014093.59 0.7137
470377.16 5013613.59 0.6938
470467.16 5014093.59 0.6778
470497.16 5014093.59 0.6777
470527.16 5014093.59 0.6972
470557.16 5014093.59 0.6879
469597.16 5014123.59 0.7879
470407.16 5013613.59 0.6883
469987.16 5014123.59 0.8216
470017.16 5014123.59 0.6853
470047.16 5014123.59 0.7062
470437.16 5013613.59 0.6967
470077.16 5014123.59 0.7124
470107.16 5014123.59 0.7078
470137.16 5014123.59 0.6895
470167.16 5014123.59 0.6889
470197.16 5014123.59 0.7013
470227.16 5014123.59 0.7012
470257.16 5014123.59 0.6943
470287.16 5014123.59 0.6938
470317.16 5014123.59 0.6885
470347.16 5014123.59 0.6874
470467.16 5013613.59 0.7141
470377.16 5014123.59 0.675
470407.16 5014123.59 0.6736
470437.16 5014123.59 0.6727
470467.16 5014123.59 0.6731
470497.16 5014123.59 0.6874
470527.16 5014123.59 0.6885
470557.16 5014123.59 0.6972
469597.16 5014153.59 0.7976
470497.16 5013613.59 0.6949
470527.16 5013613.59 0.7502
469987.16 5014153.59 0.8236
470017.16 5014153.59 0.6849
470047.16 5014153.59 0.7012
470077.16 5014153.59 0.7221
470107.16 5014153.59 0.7094
470137.16 5014153.59 0.6916
470167.16 5014153.59 0.6927
470197.16 5014153.59 0.7068
470227.16 5014153.59 0.7232
470257.16 5014153.59 0.6967
470557.16 5013613.59 0.8136
470287.16 5014153.59 0.6884
470317.16 5014153.59 0.7034
470347.16 5014153.59 0.6908
470377.16 5014153.59 0.6807
470407.16 5014153.59 0.6805
470437.16 5014153.59 0.6724
470467.16 5014153.59 0.6807
470497.16 5014153.59 0.6978
470527.16 5014153.59 0.7102
470557.16 5014153.59 0.6989
469597.16 5013643.59 0.7999
469597.16 5014183.59 0.744
469987.16 5014183.59 0.8195
470017.16 5014183.59 0.6924
470047.16 5014183.59 0.7086
470077.16 5014183.59 0.7112
470107.16 5014183.59 0.7221
470137.16 5014183.59 0.7005
470167.16 5014183.59 0.6931
470197.16 5014183.59 0.7116
470227.16 5014183.59 0.6987
470257.16 5014183.59 0.6956
470287.16 5014183.59 0.6914
470317.16 5014183.59 0.7031
470347.16 5014183.59 0.6926
470377.16 5014183.59 0.6815
470407.16 5014183.59 0.6862
470437.16 5014183.59 0.6736
470467.16 5014183.59 0.6804
470497.16 5014183.59 0.6912
470527.16 5014183.59 0.693
470557.16 5014183.59 0.6922
469597.16 5014213.59 0.7421
469987.16 5014213.59 0.8458
470017.16 5014213.59 0.6935
470047.16 5014213.59 0.7227
470077.16 5014213.59 0.7127
470107.16 5014213.59 0.7061
470137.16 5014213.59 0.6932
470167.16 5014213.59 0.6896
470197.16 5014213.59 0.7045
470227.16 5014213.59 0.6976
470257.16 5014213.59 0.6976
470287.16 5014213.59 0.713
470317.16 5014213.59 0.6904
470347.16 5014213.59 0.6868
470377.16 5014213.59 0.6758
470407.16 5014213.59 0.6782
470437.16 5014213.59 0.6731
470467.16 5014213.59 0.6749
470497.16 5014213.59 0.6873
470527.16 5014213.59 0.6948
470557.16 5014213.59 0.6869
469597.16 5014243.59 0.7406
469987.16 5014243.59 0.8448
470017.16 5014243.59 0.6867
470047.16 5014243.59 0.7563
470077.16 5014243.59 0.7294
470107.16 5014243.59 0.6893
470137.16 5014243.59 0.686
470167.16 5014243.59 0.6844
470197.16 5014243.59 0.6908
470227.16 5014243.59 0.6979
470257.16 5014243.59 0.6879
470287.16 5014243.59 0.701
470317.16 5014243.59 0.6932
470347.16 5014243.59 0.6858
470377.16 5014243.59 0.6821
470407.16 5014243.59 0.6765
470437.16 5014243.59 0.6726
470467.16 5014243.59 0.6779
470497.16 5014243.59 0.681
470527.16 5014243.59 0.685
470557.16 5014243.59 0.6851
469597.16 5014273.59 0.7407
469987.16 5014273.59 0.8938
470017.16 5014273.59 0.6804
470047.16 5014273.59 0.7043
470077.16 5014273.59 0.7387
470107.16 5014273.59 0.6895
470137.16 5014273.59 0.69
470167.16 5014273.59 0.7085
470197.16 5014273.59 0.7266
470227.16 5014273.59 0.7269
470257.16 5014273.59 0.7228
470287.16 5014273.59 0.7357
470317.16 5014273.59 0.7373
470347.16 5014273.59 0.734
470377.16 5014273.59 0.7024
470407.16 5014273.59 0.6863
470437.16 5014273.59 0.6749
470467.16 5014273.59 0.6777
470497.16 5014273.59 0.6735
469987.16 5013643.59 0.8284
470527.16 5014273.59 0.673
470557.16 5014273.59 0.6724
469597.16 5014303.59 0.7175
470017.16 5013643.59 0.7209
469987.16 5014303.59 0.886
470017.16 5014303.59 0.7029
470047.16 5014303.59 0.6915
470077.16 5014303.59 0.69
470107.16 5014303.59 0.6907
470047.16 5013643.59 0.7319
470137.16 5014303.59 0.6893
470167.16 5014303.59 0.6822
470197.16 5014303.59 0.6797
470227.16 5014303.59 0.6736
470257.16 5014303.59 0.67
470287.16 5014303.59 0.6678
470317.16 5014303.59 0.6697
470347.16 5014303.59 0.6686
470377.16 5014303.59 0.6711
470407.16 5014303.59 0.6714
470077.16 5013643.59 0.699
470437.16 5014303.59 0.6677
470467.16 5014303.59 0.6685
470497.16 5014303.59 0.6677
470527.16 5014303.59 0.6666
470557.16 5014303.59 0.6665
469597.16 5014333.59 0.7068
470107.16 5013643.59 0.6723
469987.16 5014333.59 0.8648
470017.16 5014333.59 0.6804
470137.16 5013643.59 0.6897
470047.16 5014333.59 0.6843
470077.16 5014333.59 0.6797
470107.16 5014333.59 0.6824
470137.16 5014333.59 0.6847
470167.16 5014333.59 0.6993
470197.16 5014333.59 0.6819
470227.16 5014333.59 0.6708
470257.16 5014333.59 0.6704
470287.16 5014333.59 0.6683
470317.16 5014333.59 0.6693
470167.16 5013643.59 0.6862
470347.16 5014333.59 0.6687
470377.16 5014333.59 0.6721
470407.16 5014333.59 0.6698
470437.16 5014333.59 0.6693
470467.16 5014333.59 0.6724
470497.16 5014333.59 0.6685
470527.16 5014333.59 0.667
470557.16 5014333.59 0.6694
469597.16 5014363.59 0.7155
470197.16 5013643.59 0.6842
470227.16 5013643.59 0.6833
469987.16 5014363.59 0.8682
470017.16 5014363.59 0.6793
470047.16 5014363.59 0.6837
470077.16 5014363.59 0.6805
470107.16 5014363.59 0.6869
470137.16 5014363.59 0.7159
470167.16 5014363.59 0.7099
470197.16 5014363.59 0.6817
470227.16 5014363.59 0.6741
470257.16 5013643.59 0.674
470257.16 5014363.59 0.6677
470287.16 5014363.59 0.6674
470317.16 5014363.59 0.671
470347.16 5014363.59 0.6691
470377.16 5014363.59 0.6732
470407.16 5014363.59 0.6712
470437.16 5014363.59 0.6736
470467.16 5014363.59 0.6785
470497.16 5014363.59 0.671
470527.16 5014363.59 0.6683
470287.16 5013643.59 0.6763
470557.16 5014363.59 0.6762
469597.16 5014393.59 0.7258
470317.16 5013643.59 0.6753
469987.16 5014393.59 0.8721
470017.16 5014393.59 0.6801
470047.16 5014393.59 0.6816
470077.16 5014393.59 0.6872
470107.16 5014393.59 0.6776
470137.16 5014393.59 0.688
470347.16 5013643.59 0.6801
470167.16 5014393.59 0.6969
470197.16 5014393.59 0.6751
470227.16 5014393.59 0.674
470257.16 5014393.59 0.6686
470287.16 5014393.59 0.6679
470317.16 5014393.59 0.6705
470347.16 5014393.59 0.6696
470377.16 5014393.59 0.6719
470407.16 5014393.59 0.6717
470437.16 5014393.59 0.6777
470377.16 5013643.59 0.6793
470467.16 5014393.59 0.6748
470497.16 5014393.59 0.6717
470527.16 5014393.59 0.6689
470557.16 5014393.59 0.6759
469597.16 5014423.59 0.7244
470407.16 5013643.59 0.6837
469987.16 5014423.59 0.8662
470017.16 5014423.59 0.6775
470047.16 5014423.59 0.6828
470437.16 5013643.59 0.6965
470077.16 5014423.59 0.6825
470107.16 5014423.59 0.6765
470137.16 5014423.59 0.6724
470167.16 5014423.59 0.679
470197.16 5014423.59 0.6736
470227.16 5014423.59 0.6719
470257.16 5014423.59 0.6673
470287.16 5014423.59 0.6674
470317.16 5014423.59 0.6687
470347.16 5014423.59 0.6675
470467.16 5013643.59 0.7098
470377.16 5014423.59 0.6688
470407.16 5014423.59 0.6708
470437.16 5014423.59 0.6755
470467.16 5014423.59 0.6765
470497.16 5014423.59 0.669
470527.16 5014423.59 0.6689
470557.16 5014423.59 0.6748
469597.16 5014453.59 0.7255
470497.16 5013643.59 0.7503
470527.16 5013643.59 0.8048
469987.16 5014453.59 0.8957
470017.16 5014453.59 0.6726
470047.16 5014453.59 0.6713
470077.16 5014453.59 0.6694
470107.16 5014453.59 0.6676
470137.16 5014453.59 0.6723
470167.16 5014453.59 0.6754
470197.16 5014453.59 0.6735
470227.16 5014453.59 0.6702
470257.16 5014453.59 0.6669
470557.16 5013643.59 0.7473
470287.16 5014453.59 0.6664
470317.16 5014453.59 0.6675
470347.16 5014453.59 0.6662
470377.16 5014453.59 0.6654
470407.16 5014453.59 0.667
470437.16 5014453.59 0.6679
470467.16 5014453.59 0.6668
470497.16 5014453.59 0.6658
470527.16 5014453.59 0.6652
470557.16 5014453.59 0.6694
469597.16 5013673.59 0.8252
469597.16 5014483.59 0.6898
