469999.415 5014483.585 5.65
470017.15499999997 5014483.585 1.72
470047.15499999997 5014483.585 21.90
470077.15499999997 5014483.585 4.97
470107.15499999997 5014483.585 3.15
470137.15499999997 5014483.585 7.03
470167.15499999997 5014483.585 10.61
470197.15499999997 5014483.585 3.16
470227.15499999997 5014483.585 7.41
470257.15499999997 5014483.585 4.57
470287.15499999997 5014483.585 3.81
470317.15499999997 5014483.585 156.68
470347.15499999997 5014483.585 2.08
470377.15499999997 5014483.585 3.48
470407.15499999997 5014483.585 31.95
470437.15499999997 5014483.585 45.06
470467.15499999997 5014483.585 4.26
470497.15499999997 5014483.585 2.92
470527.15499999997 5014483.585 2.55
470557.15499999997 5014483.585 10.19
470581.21499999997 5014483.585 11.41
469999.52499999997 5014513.575 1.73
470017.15499999997 5014513.585 5.93
470047.15499999997 5014513.585 0.97
470077.15499999997 5014513.585 0.96
470107.15499999997 5014513.585 3.04
470137.15499999997 5014513.585 1.15
470167.15499999997 5014513.585 11.08
470197.15499999997 5014513.585 5.97
470227.15499999997 5014513.585 5.78
470257.15499999997 5014513.585 3.42
470287.15499999997 5014513.585 5.81
470317.15499999997 5014513.585 1.35
470347.15499999997 5014513.585 4.04
470377.15499999997 5014513.585 7.77
470407.15499999997 5014513.585 10.93
470437.15499999997 5014513.585 5.08
470467.15499999997 5014513.585 2.94
470497.15499999997 5014513.585 2.81
470527.15499999997 5014513.585 9.04
470557.15499999997 5014513.585 3.04
470581.285 5014513.585 5.51
469999.605 5014543.585 0.70
470017.15499999997 5014543.585 1.80
470047.15499999997 5014543.585 1.00
470077.15499999997 5014543.575 1.09
470107.15499999997 5014543.585 0.32
470137.15499999997 5014543.585 3.59
470167.15499999997 5014543.585 3.34
470197.15499999997 5014543.585 3.33
470227.15499999997 5014543.585 3.60
470257.15499999997 5014543.585 1.96
470287.15499999997 5014543.585 9.04
470317.15499999997 5014543.585 1.07
470347.15499999997 5014543.585 11.40
470377.15499999997 5014543.585 11.91
470407.15499999997 5014543.585 5.54
470437.15499999997 5014543.585 3.75
470467.15499999997 5014543.585 6.49
470497.15499999997 5014543.585 2.73
470527.15499999997 5014543.585 4.26
470557.15499999997 5014543.585 4.76
470581.365 5014543.585 9.64
469999.695 5014573.585 1.03
470017.15499999997 5014573.585 0.79
470047.15499999997 5014573.585 0.87
470077.15499999997 5014573.585 0.96
470107.15499999997 5014573.585 4.02
470137.15499999997 5014573.585 2.63
470167.15499999997 5014573.585 46.57
470197.165 5014573.585 1.15
470227.15499999997 5014573.585 2.64
470257.15499999997 5014573.585 1.29
470287.15499999997 5014573.585 1.83
470317.15499999997 5014573.585 2.64
470347.15499999997 5014573.585 8.55
470377.15499999997 5014573.585 9.17
470407.15499999997 5014573.585 13.01
470437.15499999997 5014573.585 14.40
470467.15499999997 5014573.585 5.28
470497.15499999997 5014573.585 3.33
469997.14499999996 5013673.585 9.15
470527.15499999997 5014573.585 19.04
470557.15499999997 5014573.585 7.72
470581.445 5014573.585 4.70
470017.15499999997 5013673.585 2.95
469999.76499999996 5014603.595 0.75
470017.15499999997 5014603.585 2.09
470047.15499999997 5014603.585 0.97
470077.15499999997 5014603.585 1.07
470107.15499999997 5014603.585 0.41
470047.15499999997 5013673.585 6.23
470137.15499999997 5014603.585 1.22
470167.15499999997 5014603.575 2.14
470197.15499999997 5014603.585 16.68
470227.15499999997 5014603.585 1.75
470257.15499999997 5014603.585 7.49
470287.15499999997 5014603.585 2.70
470317.15499999997 5014603.585 8.12
470347.15499999997 5014603.585 9.63
470377.15499999997 5014603.585 20.35
470407.15499999997 5014603.585 8.48
470077.15499999997 5013673.585 8.87
470437.15499999997 5014603.585 24.68
470467.15499999997 5014603.585 10.28
470497.15499999997 5014603.585 10.26
470527.15499999997 5014603.585 6.18
470557.15499999997 5014603.585 5.76
470581.505 5014603.585 9.68
470107.15499999997 5013673.585 18.69
469999.855 5014633.585 2.20
470017.15499999997 5014633.585 1.38
470137.15499999997 5013673.585 8.43
470047.15499999997 5014633.585 1.45
470077.15499999997 5014633.585 0.61
470107.15499999997 5014633.585 0.39
470137.15499999997 5014633.585 2.50
470167.15499999997 5014633.585 0.77
470197.15499999997 5014633.585 3.35
470227.15499999997 5014633.585 26.21
470257.15499999997 5014633.585 7.33
470287.15499999997 5014633.585 4.26
470317.15499999997 5014633.585 6.92
470167.15499999997 5013673.585 13.02
470347.15499999997 5014633.585 7.04
470377.15499999997 5014633.585 6.22
470407.15499999997 5014633.585 8.06
470437.15499999997 5014633.585 8.37
470467.15499999997 5014633.585 41.19
470497.15499999997 5014633.585 14.17
470527.15499999997 5014633.575 17.21
470557.15499999997 5014633.585 6.16
470581.58499999996 5014633.585 6.42
470197.15499999997 5013673.585 8.42
470227.15499999997 5013673.585 14.22
469999.975 5014663.585 1.94
470017.15499999997 5014663.585 1.80
470047.15499999997 5014663.585 2.30
470077.15499999997 5014663.585 2.43
470107.15499999997 5014663.585 1.31
470137.15499999997 5014663.585 1.76
470167.15499999997 5014663.585 2.58
470197.15499999997 5014663.585 8.18
470227.15499999997 5014663.585 29.88
470257.15499999997 5013673.585 10.45
470257.15499999997 5014663.585 10.15
470287.15499999997 5014663.585 10.32
470317.15499999997 5014663.575 12.96
470347.15499999997 5014663.585 10.69
470377.15499999997 5014663.585 4.57
470407.15499999997 5014663.585 3.34
470437.15499999997 5014663.585 6.49
470467.15499999997 5014663.585 6.66
470497.15499999997 5014663.585 27.93
470527.15499999997 5014663.585 62.03
470287.15499999997 5013673.585 4.36
470557.15499999997 5014663.585 36.96
470581.65499999997 5014663.585 12.85
470317.15499999997 5013673.585 1.46
470000.055 5014693.595 1.55
470017.15499999997 5014693.585 2.36
470047.15499999997 5014693.585 3.10
470077.15499999997 5014693.585 2.28
470107.15499999997 5014693.575 0.94
470137.15499999997 5014693.585 0.71
470347.15499999997 5013673.585 14.63
470167.15499999997 5014693.585 1.38
470197.165 5014693.585 1.41
470227.15499999997 5014693.585 24.99
470257.15499999997 5014693.585 9.55
470287.15499999997 5014693.585 12.60
470317.15499999997 5014693.585 14.31
470347.15499999997 5014693.585 43.60
470377.15499999997 5014693.585 3.52
470407.14499999996 5014693.585 3.03
470437.15499999997 5014693.585 30.69
470377.15499999997 5013673.585 20.03
470467.15499999997 5014693.585 12.03
470497.15499999997 5014693.585 9.55
470527.15499999997 5014693.585 10.08
470557.15499999997 5014693.585 16.30
470581.70499999996 5014693.585 101.95
470407.15499999997 5013673.585 4.25
470000.185 5014723.585 0.42
470017.15499999997 5014723.585 3.61
470047.15499999997 5014723.585 1.87
470437.15499999997 5013673.585 7.22
470077.15499999997 5014723.575 18.96
470107.15499999997 5014723.575 0.70
470137.15499999997 5014723.585 0.27
470167.15499999997 5014723.585 0.42
470197.15499999997 5014723.585 1.63
470227.15499999997 5014723.585 4.97
470257.15499999997 5014723.585 11.89
470287.15499999997 5014723.585 21.44
470317.15499999997 5014723.585 10.77
470347.15499999997 5014723.585 10.42
470467.15499999997 5013673.585 25.32
470377.15499999997 5014723.585 39.25
470407.15499999997 5014723.585 21.74
470437.15499999997 5014723.585 2.89
470467.15499999997 5014723.585 10.06
470497.15499999997 5014723.585 8.35
470527.15499999997 5014723.585 5.29
470557.15499999997 5014723.585 3.50
470581.77499999997 5014723.585 6.07
470497.15499999997 5013673.585 2.43
469996.855 5013584.955 108.83
470527.15499999997 5013673.585 0.21
470000.255 5014749.995 0.00
470017.175 5014753.175 1.74
470047.15499999997 5014752.6049999995 2.29
470077.15499999997 5014753.585 0.82
470107.15499999997 5014753.585 0.98
470137.15499999997 5014753.575 4.89
470167.15499999997 5014753.585 0.48
470197.15499999997 5014753.585 1.24
470227.15499999997 5014753.585 2.98
470257.15499999997 5014753.585 26.11
470557.165 5013673.585 2.35
470287.15499999997 5014753.585 11.84
470317.15499999997 5014753.585 22.69
470347.15499999997 5014753.585 15.36
470377.14499999996 5014753.585 12.12
470407.15499999997 5014753.585 13.31
470437.15499999997 5014753.585 6.04
470467.15499999997 5014753.585 25.37
470497.15499999997 5014753.585 19.46
470527.15499999997 5014753.585 3.40
470557.15499999997 5014753.585 2.58
470579.345 5013673.585 7.12
470581.83499999996 5014753.585 6.62
470000.365 5014790.595 0.13
470017.15499999997 5014783.615 1.49
470047.15499999997 5014784.1049999995 1.74
470077.15499999997 5014783.595 1.59
470107.15499999997 5014783.585 0.93
470137.15499999997 5014783.585 1.97
470167.15499999997 5014783.585 0.17
470197.15499999997 5014783.585 2.06
470227.15499999997 5014783.585 2.08
470257.15499999997 5014783.585 2.15
470287.15499999997 5014783.585 3.75
470317.15499999997 5014783.585 3.95
470347.15499999997 5014783.585 6.26
470377.15499999997 5014783.585 25.18
470407.15499999997 5014783.585 35.08
470437.15499999997 5014783.585 4.02
470467.15499999997 5014783.585 14.43
470497.15499999997 5014783.585 15.42
470527.15499999997 5014783.585 11.00
470557.15499999997 5014783.585 8.09
470581.915 5014783.585 104.10
470000.39499999996 5014813.575 0.57
470017.15499999997 5014813.585 2.44
470047.15499999997 5014813.585 1.59
470077.15499999997 5014813.595 1.56
470107.15499999997 5014813.575 0.70
470137.15499999997 5014813.575 0.56
470167.15499999997 5014813.585 0.32
470197.15499999997 5014813.585 1.39
470227.15499999997 5014813.595 1.86
470257.15499999997 5014813.585 4.65
470287.15499999997 5014813.585 13.80
470317.15499999997 5014813.585 19.40
470347.15499999997 5014813.585 7.51
470377.15499999997 5014813.585 3.67
470407.15499999997 5014813.585 26.04
470437.15499999997 5014813.585 66.18
470467.15499999997 5014813.595 12.74
470497.14499999996 5014813.585 10.36
470527.15499999997 5014813.585 5.31
470557.15499999997 5014813.585 5.19
470582.005 5014813.595 5.77
470000.485 5014843.6049999995 0.65
470017.15499999997 5013584.875 43.31
470017.15499999997 5014843.585 2.30
470047.14499999996 5014843.585 4.27
470077.15499999997 5014843.575 0.77
470107.15499999997 5014843.585 0.93
470137.15499999997 5014843.595 0.00
470167.15499999997 5014843.585 1.93
470197.15499999997 5014843.585 1.63
470227.15499999997 5014843.585 4.19
470257.15499999997 5014843.585 4.23
470287.15499999997 5014843.585 6.47
470317.15499999997 5014843.585 1.44
470347.15499999997 5014843.585 1.85
470377.15499999997 5014843.585 2.60
470407.15499999997 5014843.585 2.78
470437.15499999997 5014843.585 4.30
470467.15499999997 5014843.585 4.91
470497.15499999997 5014843.585 2.49
470527.15499999997 5014843.585 20.11
470557.15499999997 5014843.585 13.34
470582.065 5014843.585 8.24
470000.555 5014873.555 1.29
470017.15499999997 5014873.585 3.98
470047.14499999996 5014873.585 2.67
470077.15499999997 5014873.585 2.98
470107.15499999997 5014873.585 0.00
470137.15499999997 5014873.585 1.00
470167.14499999996 5014873.585 1.47
470197.15499999997 5014873.585 2.05
470227.15499999997 5014873.585 5.43
470257.15499999997 5014873.585 5.35
470287.165 5014873.585 4.57
470317.15499999997 5014873.585 3.97
470347.15499999997 5014873.585 4.24
470377.14499999996 5014873.585 4.36
470407.15499999997 5014873.585 4.28
470437.15499999997 5014873.585 12.12
470467.15499999997 5014873.585 3.95
470497.15499999997 5014873.585 58.05
469997.225 5013703.585 12.78
470527.15499999997 5014873.585 23.91
470557.15499999997 5014873.585 8.71
470582.135 5014873.585 4.32
470017.15499999997 5013703.585 5.03
470000.615 5014903.575 0.95
470017.15499999997 5014903.585 2.21
470047.14499999996 5014903.595 5.99
470077.15499999997 5014903.585 1.34
470107.15499999997 5014903.595 0.35
470047.15499999997 5013703.585 12.94
470137.15499999997 5014903.585 1.69
470167.15499999997 5014903.585 3.67
470197.15499999997 5014903.585 4.83
470227.15499999997 5014903.585 1.82
470257.15499999997 5014903.585 4.86
470287.15499999997 5014903.585 3.87
470317.15499999997 5014903.585 45.43
470347.165 5014903.585 14.80
470377.15499999997 5014903.585 4.82
470407.15499999997 5014903.585 5.30
470077.15499999997 5013703.585 9.78
470437.15499999997 5014903.575 2.02
470467.15499999997 5014903.585 1.46
470497.15499999997 5014903.585 2.89
470527.15499999997 5014903.585 10.33
470557.15499999997 5014903.585 2.63
470582.195 5014903.585 6.36
470107.15499999997 5013703.585 18.76
470000.71499999997 5014933.625 0.67
470017.15499999997 5014933.585 2.33
470047.15499999997 5013584.8149999995 17.32
470137.15499999997 5013703.585 17.87
470047.15499999997 5014933.585 1.44
470077.15499999997 5014933.585 4.09
470107.15499999997 5014933.595 0.03
470137.15499999997 5014933.585 3.31
470167.15499999997 5014933.585 2.41
470197.15499999997 5014933.585 4.59
470227.15499999997 5014933.585 0.55
470257.15499999997 5014933.585 2.99
470287.15499999997 5014933.585 3.91
470317.15499999997 5014933.585 2.67
470167.15499999997 5013703.585 2.44
470347.15499999997 5014933.585 2.75
470377.15499999997 5014933.585 5.43
470407.15499999997 5014933.585 8.94
470437.15499999997 5014933.585 0.96
470467.15499999997 5014933.585 48.37
470497.15499999997 5014933.585 26.65
470527.15499999997 5014933.595 55.57
470557.15499999997 5014933.585 2.68
470582.26499999996 5014933.595 11.32
469627.15499999997 5014957.015 5.34
470197.15499999997 5013703.585 3.98
469657.15499999997 5014956.875 8.10
469687.14499999996 5014956.765 8.20
469717.035 5014956.675 2.93
469747.185 5014956.6049999995 2.30
469777.15499999997 5014956.385 0.89
469807.15499999997 5014956.255 1.41
469837.15499999997 5014956.145 0.70
469867.15499999997 5014956.015 0.57
469897.15499999997 5014955.865 0.58
469927.105 5014955.765 0.56
470227.15499999997 5013703.585 6.25
469957.27499999997 5014955.6049999995 1.00
469987.15499999997 5014954.3549999995 2.74
470017.15499999997 5014954.285 2.70
470047.15499999997 5014954.194999999 1.28
470077.15499999997 5014954.115 3.73
470107.175 5014954.024999999 0.21
470137.165 5014953.995 2.60
470167.15499999997 5014953.905 1.74
470197.14499999996 5014953.8549999995 11.71
470227.15499999997 5014953.785 1.51
470257.15499999997 5013703.585 15.70
470257.15499999997 5014953.715 4.69
470287.14499999996 5014953.645 5.39
470317.15499999997 5014953.5649999995 5.81
470347.165 5014953.475 2.62
470377.14499999996 5014953.435 2.66
470437.14499999996 5014953.285 6.84
470467.15499999997 5014953.205 12.05
470497.15499999997 5014953.145 3.17
470527.15499999997 5014953.075 4.28
470287.15499999997 5013703.585 4.73
470557.15499999997 5014953.005 11.78
470582.295 5014952.944999999 2.51
470317.15499999997 5013703.585 41.45
470347.15499999997 5013703.585 10.11
470377.15499999997 5013703.595 7.95
470407.15499999997 5013703.585 2.77
470077.14499999996 5013584.745 2.27
470437.15499999997 5013703.575 2.21
470467.15499999997 5013703.585 2.23
470497.15499999997 5013703.585 4.38
470527.15499999997 5013703.585 6.58
470557.14499999996 5013703.575 2.60
470579.425 5013703.585 1.97
470107.165 5013584.694999999 8.70
469997.33499999996 5013733.585 4.22
470017.15499999997 5013733.585 2.73
470137.15499999997 5013584.6049999995 51.09
470047.15499999997 5013733.585 3.32
470077.165 5013733.585 5.04
470107.15499999997 5013733.585 23.41
470137.15499999997 5013733.585 9.15
470167.165 5013733.595 6.40
470197.15499999997 5013733.585 8.07
470227.15499999997 5013733.585 11.58
470257.15499999997 5013733.585 9.48
470287.15499999997 5013733.585 11.87
470317.15499999997 5013733.585 11.84
470167.15499999997 5013584.524999999 4.23
470347.15499999997 5013733.595 10.05
470377.15499999997 5013733.595 17.86
470407.14499999996 5013733.585 3.27
470437.175 5013733.595 17.23
470467.15499999997 5013733.585 5.28
470497.15499999997 5013733.585 5.53
470527.15499999997 5013733.595 12.96
470557.14499999996 5013733.585 53.01
470579.435 5013733.5649999995 2.54
470197.15499999997 5013584.444999999 37.90
470227.15499999997 5013584.395 38.21
469997.39499999996 5013763.585 7.78
470017.15499999997 5013763.585 2.48
470047.15499999997 5013763.585 3.38
470077.15499999997 5013763.585 10.74
470107.15499999997 5013763.585 6.87
470137.15499999997 5013763.585 3.38
470167.15499999997 5013763.585 6.30
470197.15499999997 5013763.585 13.43
470227.15499999997 5013763.585 12.49
470257.15499999997 5013584.3149999995 3.49
470257.15499999997 5013763.585 13.34
470287.15499999997 5013763.575 6.08
470317.175 5013763.585 11.92
470347.15499999997 5013763.585 5.50
470377.15499999997 5013763.585 7.51
470407.15499999997 5013763.585 16.74
470437.15499999997 5013763.585 35.54
470467.15499999997 5013763.585 4.06
470497.15499999997 5013763.585 23.54
470527.15499999997 5013763.585 8.66
470287.15499999997 5013584.245 3.62
470557.14499999996 5013763.585 4.80
470579.555 5013763.575 3.05
470317.15499999997 5013584.185 10.84
469997.475 5013793.585 3.79
470017.15499999997 5013793.585 2.43
470047.15499999997 5013793.585 7.87
470077.15499999997 5013793.585 8.27
470107.15499999997 5013793.585 6.89
470137.15499999997 5013793.585 3.45
470347.15499999997 5013584.095 14.70
470167.165 5013793.575 2.50
470197.15499999997 5013793.585 11.11
470227.15499999997 5013793.585 14.18
470257.15499999997 5013793.585 18.07
470287.15499999997 5013793.585 1.51
470317.185 5013793.585 37.41
470347.15499999997 5013793.585 25.42
470377.15499999997 5013793.585 8.67
470407.15499999997 5013793.585 11.88
470437.15499999997 5013793.585 12.86
470377.15499999997 5013584.035 83.51
470467.15499999997 5013793.585 7.77
470497.15499999997 5013793.585 4.62
470527.14499999996 5013793.575 9.23
470557.165 5013793.585 18.68
470579.615 5013793.585 3.80
470407.15499999997 5013583.965 22.06
469997.545 5013823.575 3.21
470017.15499999997 5013823.585 4.03
470047.15499999997 5013823.585 12.98
470437.15499999997 5013583.885 3.15
470077.15499999997 5013823.585 2.87
470107.15499999997 5013823.585 3.50
470137.15499999997 5013823.585 6.45
470167.15499999997 5013823.585 25.42
470197.15499999997 5013823.585 2.28
470227.15499999997 5013823.585 5.35
470257.15499999997 5013823.585 2.30
470287.15499999997 5013823.585 2.89
470317.15499999997 5013823.585 2.49
470347.15499999997 5013823.575 9.35
470467.15499999997 5013583.825 7.95
470377.15499999997 5013823.585 29.61
470407.15499999997 5013823.585 11.34
470437.15499999997 5013823.585 8.47
470467.14499999996 5013823.575 6.90
470497.165 5013823.585 5.95
470527.14499999996 5013823.585 5.06
470557.15499999997 5013823.585 0.92
470579.65499999997 5013823.595 1.11
470497.15499999997 5013583.755 1.18
470527.15499999997 5013583.685 0.78
469997.65499999997 5013853.585 3.34
470017.15499999997 5013853.585 3.20
470047.15499999997 5013853.585 77.66
470077.15499999997 5013853.585 4.56
470107.15499999997 5013853.585 10.81
470137.15499999997 5013853.585 8.27
470167.15499999997 5013853.585 13.80
470197.15499999997 5013853.585 10.47
470227.15499999997 5013853.585 2.82
470257.15499999997 5013853.585 2.35
470557.14499999996 5013583.6049999995 0.55
470287.15499999997 5013853.585 2.59
470317.15499999997 5013853.585 1.83
470347.15499999997 5013853.585 3.05
470377.15499999997 5013853.585 17.40
470407.15499999997 5013853.585 9.77
470437.15499999997 5013853.585 6.66
470467.15499999997 5013853.575 9.11
470497.15499999997 5013853.585 8.81
470527.15499999997 5013853.585 3.83
470557.14499999996 5013853.585 0.63
470579.14499999996 5013583.585 3.66
470579.71499999997 5013853.585 1.40
469997.71499999997 5013883.575 6.02
470017.15499999997 5013883.585 199.10
470047.15499999997 5013883.585 26.70
470077.15499999997 5013883.585 12.96
470107.15499999997 5013883.585 13.81
470137.15499999997 5013883.585 7.12
470167.15499999997 5013883.585 9.78
470197.15499999997 5013883.585 6.49
470227.15499999997 5013883.585 5.48
470257.15499999997 5013883.585 7.27
470287.15499999997 5013883.585 7.19
470317.15499999997 5013883.585 7.38
470347.165 5013883.585 6.21
470377.15499999997 5013883.585 21.67
470407.15499999997 5013883.585 9.97
470437.14499999996 5013883.585 7.33
470467.14499999996 5013883.585 4.89
470497.165 5013883.585 5.45
470527.15499999997 5013883.585 1.12
470557.165 5013883.585 0.62
470579.815 5013883.585 3.11
469997.805 5013913.585 26.53
470017.15499999997 5013913.585 16.90
470047.15499999997 5013913.585 7.89
470077.15499999997 5013913.585 4.88
470107.15499999997 5013913.585 9.50
470137.15499999997 5013913.585 2.73
470167.15499999997 5013913.585 2.09
470197.15499999997 5013913.585 3.81
470227.15499999997 5013913.585 6.16
470257.15499999997 5013913.585 6.40
470287.15499999997 5013913.585 6.78
470317.15499999997 5013913.585 24.77
470347.15499999997 5013913.585 41.76
470377.15499999997 5013913.585 12.37
470407.15499999997 5013913.585 16.32
470437.14499999996 5013913.585 27.16
470467.15499999997 5013913.575 7.89
470497.175 5013913.585 4.19
470527.15499999997 5013913.575 2.29
470557.15499999997 5013913.585 1.72
470579.89499999996 5013913.585 1.39
469997.885 5013943.585 6.00
470017.15499999997 5013943.585 5.60
470047.15499999997 5013943.585 18.67
470077.15499999997 5013943.585 8.15
470107.15499999997 5013943.585 5.07
470137.15499999997 5013943.585 2.50
470167.15499999997 5013943.585 2.50
470197.15499999997 5013943.585 4.01
470227.15499999997 5013943.585 14.30
470257.15499999997 5013943.585 9.91
470287.15499999997 5013943.575 198.73
470317.15499999997 5013943.585 13.58
470347.15499999997 5013943.585 11.51
470377.15499999997 5013943.585 14.14
470407.15499999997 5013943.585 11.72
470437.15499999997 5013943.585 6.33
470467.14499999996 5013943.585 8.12
470497.15499999997 5013943.595 6.94
470527.15499999997 5013943.595 0.12
470557.165 5013943.575 1.39
470579.945 5013943.585 20.38
469997.995 5013973.595 26.63
470017.15499999997 5013973.585 7.93
470047.15499999997 5013973.585 5.29
470077.15499999997 5013973.585 143.96
470107.15499999997 5013973.585 6.63
470137.15499999997 5013973.585 2.72
470167.15499999997 5013973.585 2.86
470197.15499999997 5013973.575 3.78
470227.15499999997 5013973.585 36.31
470257.15499999997 5013973.585 10.46
470287.14499999996 5013973.575 10.94
470317.15499999997 5013973.585 29.44
470347.15499999997 5013973.585 8.16
470377.15499999997 5013973.585 14.86
470407.14499999996 5013973.585 9.05
470437.14499999996 5013973.585 5.51
470467.15499999997 5013973.585 6.51
470497.14499999996 5013973.595 11.38
469996.945 5013613.585 120.52
470527.15499999997 5013973.585 2.51
470557.15499999997 5013973.585 0.42
470580.02499999997 5013973.585 17.32
470017.14499999996 5013613.575 5.08
469998.055 5014003.575 47.18
470017.15499999997 5014003.585 16.50
470047.15499999997 5014003.585 345.86
470077.15499999997 5014003.585 14.25
470107.15499999997 5014003.585 3.37
470047.15499999997 5013613.585 8.81
470137.15499999997 5014003.585 3.74
470167.15499999997 5014003.585 4.04
470197.15499999997 5014003.585 5.22
470227.15499999997 5014003.585 11.78
470257.15499999997 5014003.585 16.56
470287.15499999997 5014003.585 9.69
470317.15499999997 5014003.575 5.14
470347.15499999997 5014003.585 25.01
470377.15499999997 5014003.585 54.70
470407.15499999997 5014003.585 13.09
470077.15499999997 5013613.585 10.66
470437.15499999997 5014003.585 10.20
470467.15499999997 5014003.585 13.38
470497.15499999997 5014003.585 9.24
470527.14499999996 5014003.575 22.48
470557.14499999996 5014003.595 19.00
470580.095 5014003.575 6.05
470107.15499999997 5013613.585 6.17
469998.14499999996 5014033.585 6.95
470017.15499999997 5014033.585 13.64
470137.15499999997 5013613.585 8.59
470047.15499999997 5014033.585 15.32
470077.15499999997 5014033.585 11.81
470137.15499999997 5014033.585 3.34
470167.15499999997 5014033.585 33.63
470197.15499999997 5014033.585 9.28
470227.15499999997 5014033.585 34.82
470257.15499999997 5014033.585 6.18
470287.15499999997 5014033.585 7.00
470317.15499999997 5014033.575 5.66
470167.15499999997 5013613.585 15.61
470347.15499999997 5014033.595 8.24
470377.15499999997 5014033.585 553.66
470407.15499999997 5014033.585 88.92
470437.15499999997 5014033.585 3.01
470467.14499999996 5014033.585 5.26
470497.15499999997 5014033.595 91.30
470527.15499999997 5014033.595 3.74
470557.15499999997 5014033.545 3.13
470580.14499999996 5014033.595 4.12
470197.15499999997 5013613.585 122.80
470227.15499999997 5013613.585 11.14
469998.225 5014063.575 22.92
470017.15499999997 5014063.585 67.34
470047.15499999997 5014063.585 9.04
470077.15499999997 5014063.585 6.22
470107.15499999997 5014063.585 6.69
470137.15499999997 5014063.585 5.86
470167.15499999997 5014063.585 14.03
470197.15499999997 5014063.585 6.42
470227.15499999997 5014063.585 3.91
470257.15499999997 5013613.575 5.11
470257.15499999997 5014063.585 3.83
470287.15499999997 5014063.585 18.62
470317.15499999997 5014063.585 4.87
470347.15499999997 5014063.585 5.00
470377.14499999996 5014063.585 4.07
470407.15499999997 5014063.585 4.77
470437.15499999997 5014063.585 1.78
470467.14499999996 5014063.585 3.67
470497.14499999996 5014063.585 10.63
470527.15499999997 5014063.585 45.91
470287.15499999997 5013613.585 11.50
470557.14499999996 5014063.705 1.38
470580.26499999996 5014063.585 5.40
470317.15499999997 5013613.585 3.93
469998.325 5014093.585 13.17
470017.15499999997 5014093.585 33.68
470047.15499999997 5014093.585 38.43
470077.15499999997 5014093.585 9.83
470107.15499999997 5014093.585 6.33
470137.15499999997 5014093.585 4.42
470347.15499999997 5013613.585 9.77
470167.15499999997 5014093.585 10.71
470197.15499999997 5014093.585 553.57
470227.15499999997 5014093.575 7.36
470257.15499999997 5014093.585 7.23
470287.15499999997 5014093.585 11.38
470317.15499999997 5014093.585 135.49
470347.15499999997 5014093.585 12.80
470377.15499999997 5014093.585 3.97
470407.15499999997 5014093.585 14.76
470437.15499999997 5014093.585 4.16
470377.15499999997 5013613.585 12.57
470467.15499999997 5014093.585 13.05
470497.15499999997 5014093.585 12.72
470527.15499999997 5014093.595 4.85
470557.15499999997 5014093.585 8.77
470580.305 5014093.595 7.37
470407.15499999997 5013613.585 5.68
469998.39499999996 5014123.575 11.56
470017.15499999997 5014123.585 9.66
470047.15499999997 5014123.585 65.08
470437.15499999997 5013613.585 5.48
470077.15499999997 5014123.585 22.50
470107.15499999997 5014123.585 15.07
470137.15499999997 5014123.585 9.87
470167.15499999997 5014123.585 9.14
470197.15499999997 5014123.585 16.06
470227.14499999996 5014123.585 7.87
470257.15499999997 5014123.585 18.91
470287.15499999997 5014123.595 6.69
470317.15499999997 5014123.585 11.23
470347.15499999997 5014123.585 15.83
470467.15499999997 5013613.585 2.02
470377.15499999997 5014123.585 8.20
470407.15499999997 5014123.585 11.44
470437.15499999997 5014123.585 2.09
470467.15499999997 5014123.585 2.93
470497.15499999997 5014123.585 3.80
470527.15499999997 5014123.585 4.32
470557.15499999997 5014123.585 13.79
470580.39499999996 5014123.585 11.49
470497.15499999997 5013613.585 8.27
470527.115 5013613.585 2.26
469998.475 5014153.595 58.68
470017.14499999996 5014153.585 61.68
470047.15499999997 5014153.595 6.25
470077.15499999997 5014153.595 5.51
470107.15499999997 5014153.575 8.20
470137.15499999997 5014153.585 24.06
470167.15499999997 5014153.595 11.89
470197.15499999997 5014153.585 12.27
470227.14499999996 5014153.585 5.03
470257.15499999997 5014153.585 11.14
470557.225 5013613.585 3.29
470287.15499999997 5014153.575 12.36
470317.15499999997 5014153.595 2.37
470347.165 5014153.585 6.57
470377.15499999997 5014153.585 6.63
470407.14499999996 5014153.585 1.85
470437.15499999997 5014153.585 12.26
470467.15499999997 5014153.585 2.16
470497.15499999997 5014153.585 6.30
470527.15499999997 5014153.585 16.48
470557.15499999997 5014153.585 2.83
470579.195 5013613.585 6.88
470580.45499999996 5014153.585 11.54
469998.575 5014183.595 11.13
470017.15499999997 5014183.585 7.55
470047.15499999997 5014183.585 3.92
470077.15499999997 5014183.575 25.18
470107.15499999997 5014183.575 4.08
470137.15499999997 5014183.585 28.61
470167.15499999997 5014183.585 16.75
470197.15499999997 5014183.585 12.23
470227.15499999997 5014183.585 10.03
470257.15499999997 5014183.585 14.49
470287.15499999997 5014183.585 9.11
470317.15499999997 5014183.585 14.72
470347.15499999997 5014183.585 45.16
470377.15499999997 5014183.585 3.46
470407.15499999997 5014183.585 0.68
470437.15499999997 5014183.585 3.85
470467.15499999997 5014183.585 2.04
470497.14499999996 5014183.585 7.80
470527.15499999997 5014183.585 31.92
470557.15499999997 5014183.585 11.78
470580.51499999996 5014183.585 26.37
469998.685 5014213.585 11.07
470017.15499999997 5014213.585 1.79
470047.15499999997 5014213.575 2.17
470077.15499999997 5014213.585 5.85
470107.15499999997 5014213.585 28.82
470137.15499999997 5014213.585 13.30
470167.15499999997 5014213.585 20.26
470197.15499999997 5014213.585 13.39
470227.15499999997 5014213.585 12.08
470257.15499999997 5014213.585 9.38
470287.15499999997 5014213.595 6.41
470317.15499999997 5014213.585 12.13
470347.15499999997 5014213.585 18.11
470377.15499999997 5014213.585 7.02
470407.15499999997 5014213.585 0.56
470437.15499999997 5014213.585 8.16
470467.15499999997 5014213.585 6.06
470497.15499999997 5014213.585 4.00
470527.15499999997 5014213.575 4.50
470557.15499999997 5014213.595 52.52
470580.595 5014213.585 5.72
469998.755 5014243.585 13.52
470017.15499999997 5014243.585 2.21
470047.14499999996 5014243.585 0.45
470077.185 5014243.585 5.28
470107.15499999997 5014243.585 13.75
470137.15499999997 5014243.585 19.07
470167.15499999997 5014243.585 18.16
470197.15499999997 5014243.585 9.28
470227.15499999997 5014243.585 6.63
470257.15499999997 5014243.585 7.73
470287.15499999997 5014243.585 4.76
470317.15499999997 5014243.585 6.20
470347.15499999997 5014243.585 5.55
470377.15499999997 5014243.585 14.62
470407.15499999997 5014243.585 5.48
470437.15499999997 5014243.585 5.78
470467.15499999997 5014243.585 124.52
470497.15499999997 5014243.585 7.06
470527.15499999997 5014243.585 6.36
470557.15499999997 5014243.585 6.65
470580.65499999997 5014243.585 10.67
469998.83499999996 5014273.435 4.16
470017.15499999997 5014273.585 5.02
470047.15499999997 5014273.585 1.24
470077.15499999997 5014273.595 1.95
470107.15499999997 5014273.585 8.19
470137.15499999997 5014273.585 8.52
470167.15499999997 5014273.585 6.23
470197.15499999997 5014273.585 7.36
470227.15499999997 5014273.585 7.28
470257.15499999997 5014273.585 5.60
470287.15499999997 5014273.585 8.96
470317.15499999997 5014273.585 2.28
470347.15499999997 5014273.585 5.84
470377.15499999997 5014273.585 25.37
470407.15499999997 5014273.585 3.32
470437.15499999997 5014273.585 3.89
470467.15499999997 5014273.585 4.04
470497.15499999997 5014273.585 7.90
469997.055 5013643.585 10.83
470527.15499999997 5014273.585 2.67
470557.15499999997 5014273.585 4.15
470580.745 5014273.595 50.28
470017.15499999997 5013643.585 7.85
469998.975 5014303.745 5.44
470017.15499999997 5014303.585 33.05
470047.14499999996 5014303.585 10.90
470077.15499999997 5014303.585 7.51
470107.15499999997 5014303.585 1.53
470047.15499999997 5013643.585 7.02
470137.15499999997 5014303.585 3.68
470167.15499999997 5014303.585 9.07
470197.15499999997 5014303.585 8.78
470227.15499999997 5014303.585 24.82
470257.15499999997 5014303.595 14.60
470287.15499999997 5014303.585 8.92
470317.15499999997 5014303.585 12.06
470347.15499999997 5014303.585 13.57
470377.15499999997 5014303.585 14.23
470407.15499999997 5014303.585 8.02
470077.15499999997 5013643.585 11.40
470437.15499999997 5014303.585 6.09
470467.15499999997 5014303.585 3.35
470497.15499999997 5014303.585 2.99
470527.15499999997 5014303.585 8.84
470557.15499999997 5014303.585 35.09
470580.805 5014303.585 6.76
470107.15499999997 5013643.585 11.02
469999.005 5014333.585 215.41
470017.15499999997 5014333.585 8.74
470137.15499999997 5013643.585 5.91
470047.15499999997 5014333.585 28.84
470077.15499999997 5014333.585 22.62
470107.15499999997 5014333.585 7.72
470137.15499999997 5014333.585 9.01
470167.15499999997 5014333.585 11.59
470197.15499999997 5014333.585 8.27
470227.15499999997 5014333.585 10.98
470257.15499999997 5014333.585 2.61
470287.15499999997 5014333.585 12.47
470317.15499999997 5014333.585 9.61
470167.15499999997 5013643.585 8.79
470347.15499999997 5014333.585 35.63
470377.15499999997 5014333.585 12.42
470407.15499999997 5014333.585 14.00
470437.15499999997 5014333.585 5.40
470467.15499999997 5014333.585 14.03
470497.15499999997 5014333.585 3.17
470527.15499999997 5014333.585 5.07
470557.15499999997 5014333.585 6.65
470580.875 5014333.585 3.73
470197.15499999997 5013643.585 5.69
470227.15499999997 5013643.585 15.49
469999.075 5014363.575 9.63
470017.15499999997 5014363.585 23.38
470047.14499999996 5014363.585 12.55
470077.15499999997 5014363.585 14.90
470107.15499999997 5014363.585 16.40
470137.14499999996 5014363.585 3.15
470167.15499999997 5014363.585 3.03
470197.15499999997 5014363.585 1.22
470227.14499999996 5014363.585 0.66
470257.15499999997 5013643.585 6.51
470257.15499999997 5014363.595 22.36
470287.15499999997 5014363.585 42.71
470317.15499999997 5014363.585 12.44
470347.15499999997 5014363.585 6.98
470377.15499999997 5014363.585 12.08
470407.15499999997 5014363.585 4.91
470437.15499999997 5014363.575 4.58
470467.15499999997 5014363.585 4.94
470497.15499999997 5014363.585 4.34
470527.15499999997 5014363.585 2.41
470287.15499999997 5013643.585 3.81
470557.15499999997 5014363.585 6.30
470580.945 5014363.585 2.99
470317.15499999997 5013643.585 11.06
469999.175 5014393.575 9.42
470017.15499999997 5014393.585 25.74
470047.15499999997 5014393.585 22.51
470077.15499999997 5014393.585 13.71
470107.15499999997 5014393.585 7.49
470137.15499999997 5014393.585 3.77
470347.15499999997 5013643.585 16.75
470167.165 5014393.585 2.32
470197.15499999997 5014393.585 1.08
470227.15499999997 5014393.575 1.88
470257.15499999997 5014393.585 9.86
470287.15499999997 5014393.585 19.60
470317.15499999997 5014393.585 10.43
470347.15499999997 5014393.585 5.12
470377.15499999997 5014393.585 8.26
470407.15499999997 5014393.585 2.49
470437.15499999997 5014393.585 3.62
470377.15499999997 5013643.585 67.44
470467.15499999997 5014393.585 6.38
470497.15499999997 5014393.585 5.22
470527.15499999997 5014393.585 3.28
470557.15499999997 5014393.585 2.81
470581.01499999996 5014393.585 7.58
470407.15499999997 5013643.585 35.33
469999.255 5014423.5649999995 7.69
470017.15499999997 5014423.585 23.43
470047.15499999997 5014423.585 6.99
470437.15499999997 5013643.585 2.04
470077.15499999997 5014423.585 12.09
470107.15499999997 5014423.585 5.17
470137.15499999997 5014423.585 8.02
470167.15499999997 5014423.585 4.73
470197.15499999997 5014423.595 46.48
470227.15499999997 5014423.585 47.52
470257.15499999997 5014423.585 14.69
470287.15499999997 5014423.585 5.47
470317.15499999997 5014423.585 18.16
470347.15499999997 5014423.585 5.28
470467.15499999997 5013643.595 3.08
470377.15499999997 5014423.585 2.56
470407.15499999997 5014423.585 10.96
470437.15499999997 5014423.585 10.78
470467.15499999997 5014423.585 3.71
470497.15499999997 5014423.585 7.86
470527.15499999997 5014423.585 22.53
470557.15499999997 5014423.585 35.37
470581.08499999996 5014423.585 2.98
470497.15499999997 5013643.585 13.43
470527.14499999996 5013643.585 3.78
469999.355 5014453.585 5.35
470017.15499999997 5014453.585 5.26
470047.15499999997 5014453.595 8.39
470077.15499999997 5014453.585 3.88
470107.15499999997 5014453.585 5.20
470137.15499999997 5014453.585 3.05
470167.15499999997 5014453.585 23.60
470197.15499999997 5014453.585 10.26
470227.15499999997 5014453.585 5.34
470257.15499999997 5014453.585 10.27
470557.15499999997 5013643.585 3.74
470287.15499999997 5014453.585 6.79
470317.15499999997 5014453.585 2.85
470347.15499999997 5014453.585 3.41
470377.15499999997 5014453.585 9.81
470407.15499999997 5014453.585 6.91
470437.15499999997 5014453.585 12.48
470467.15499999997 5014453.585 5.92
470497.15499999997 5014453.585 7.89
470527.15499999997 5014453.585 14.21
470557.15499999997 5014453.585 7.55
470579.26499999996 5013643.585 6.04
470581.15499999997 5014453.585 25.02
