469434.85 5016875.28 0.829
469704.85 5016875.28 0.8241
469854.85 5017025.28 0.8346
469884.85 5017025.28 0.8484
469404.85 5017055.28 0.8636
469434.85 5017055.28 0.8274
469464.85 5017055.28 0.8799
469494.85 5017055.28 0.8808
469524.85 5017055.28 0.9109
469554.85 5017055.28 0.9028
469584.85 5017055.28 0.9153
469614.85 5017055.28 0.8254
469734.85 5016875.28 0.8218
469644.85 5017055.28 0.8226
469674.85 5017055.28 0.8225
469704.85 5017055.28 0.8241
469734.85 5017055.28 0.8287
469764.85 5017055.28 0.8588
469794.85 5017055.28 0.8794
469824.85 5017055.28 0.8517
469854.85 5017055.28 0.8946
469884.85 5017055.28 0.9319
469404.85 5017085.28 0.9256
469764.85 5016875.28 0.8222
469434.85 5017085.28 0.8272
469464.85 5017085.28 0.8861
469494.85 5017085.28 0.8897
469524.85 5017085.28 0.8765
469554.85 5017085.28 0.8715
469584.85 5017085.28 0.9162
469614.85 5017085.28 0.8249
469644.85 5017085.28 0.8227
469674.85 5017085.28 0.8228
469704.85 5017085.28 0.8277
469794.85 5016875.28 0.8219
469734.85 5017085.28 0.8299
469764.85 5017085.28 0.8311
469794.85 5017085.28 0.9146
469824.85 5017085.28 0.8699
469854.85 5017085.28 0.8689
469884.85 5017085.28 0.8746
469404.85 5017115.28 0.9223
469434.85 5017115.28 0.8672
469464.85 5017115.28 0.8582
469494.85 5017115.28 0.905
469824.85 5016875.28 0.8223
469524.85 5017115.28 0.9164
469554.85 5017115.28 0.8231
469584.85 5017115.28 0.8401
469614.85 5017115.28 0.822
469644.85 5017115.28 0.8225
469674.85 5017115.28 0.8223
469704.85 5017115.28 0.8897
469734.85 5017115.28 0.851
469764.85 5017115.28 0.8393
469794.85 5017115.28 0.8778
469854.85 5016875.28 0.822
469824.85 5017115.28 0.8282
469854.85 5017115.28 0.8225
469884.85 5017115.28 0.8223
469404.85 5017145.28 0.8913
469434.85 5017145.28 0.8908
469464.85 5017145.28 0.8825
469494.85 5017145.28 0.9036
469524.85 5017145.28 0.8796
469554.85 5017145.28 0.8239
469584.85 5017145.28 0.8223
469884.85 5016875.28 0.8225
469614.85 5017145.28 0.8254
469644.85 5017145.28 0.8226
469674.85 5017145.28 0.8228
469704.85 5017145.28 0.8442
469734.85 5017145.28 0.8385
469764.85 5017145.28 0.8754
469794.85 5017145.28 0.8275
469824.85 5017145.28 0.8223
469854.85 5017145.28 0.8223
469884.85 5017145.28 0.8228
469404.85 5016905.28 0.8252
469404.85 5017175.28 0.8441
469434.85 5017175.28 0.8763
469464.85 5017175.28 0.9256
469494.85 5017175.28 0.8904
469524.85 5017175.28 0.8463
469554.85 5017175.28 0.8224
469584.85 5017175.28 0.8218
469614.85 5017175.28 0.8259
469644.85 5017175.28 0.824
469674.85 5017175.28 0.8235
469434.85 5016905.28 0.8403
469704.85 5017175.28 0.8325
469734.85 5017175.28 0.8696
469764.85 5017175.28 0.864
469794.85 5017175.28 0.8245
469824.85 5017175.28 0.8239
469854.85 5017175.28 0.8241
469884.85 5017175.28 0.8245
469404.85 5017205.28 0.8299
469434.85 5017205.28 0.8896
469464.85 5017205.28 0.9102
469464.85 5016905.28 0.9573
469494.85 5017205.28 0.878
469524.85 5017205.28 0.8239
469554.85 5017205.28 0.8222
469584.85 5017205.28 0.8248
469614.85 5017205.28 0.8285
469644.85 5017205.28 0.8271
469674.85 5017205.28 0.8294
469704.85 5017205.28 0.8327
469734.85 5017205.28 0.8319
469764.85 5017205.28 0.8245
469464.85 5016875.28 0.9352
469494.85 5016905.28 0.9409
469794.85 5017205.28 0.8238
469824.85 5017205.28 0.825
469854.85 5017205.28 0.8252
469884.85 5017205.28 0.824
469404.85 5017235.28 0.8309
469434.85 5017235.28 0.8413
469464.85 5017235.28 0.8309
469494.85 5017235.28 0.8242
469524.85 5017235.28 0.8223
469554.85 5017235.28 0.8224
469524.85 5016905.28 0.9108
469584.85 5017235.28 0.8259
469614.85 5017235.28 0.8241
469644.85 5017235.28 0.8225
469674.85 5017235.28 0.8312
469704.85 5017235.28 0.8252
469734.85 5017235.28 0.8252
469764.85 5017235.28 0.8236
469794.85 5017235.28 0.8229
469824.85 5017235.28 0.8228
469854.85 5017235.28 0.8233
469554.85 5016905.28 0.8251
469884.85 5017235.28 0.8241
469404.85 5017265.28 0.8279
469434.85 5017265.28 0.8223
469464.85 5017265.28 0.8223
469494.85 5017265.28 0.8261
469524.85 5017265.28 0.8225
469554.85 5017265.28 0.8247
469584.85 5017265.28 0.8289
469614.85 5017265.28 0.8287
469644.85 5017265.28 0.8237
469584.85 5016905.28 0.8223
469674.85 5017265.28 0.8388
469704.85 5017265.28 0.8231
469734.85 5017265.28 0.8234
469764.85 5017265.28 0.8232
469794.85 5017265.28 0.8229
469824.85 5017265.28 0.823
469854.85 5017265.28 0.8233
469884.85 5017265.28 0.824
469404.85 5017295.28 0.8283
469434.85 5017295.28 0.8232
469614.85 5016905.28 0.8227
469464.85 5017295.28 0.823
469494.85 5017295.28 0.8229
469524.85 5017295.28 0.8256
469554.85 5017295.28 0.8315
469584.85 5017295.28 0.8356
469614.85 5017295.28 0.8646
469644.85 5017295.28 0.8287
469674.85 5017295.28 0.8244
469704.85 5017295.28 0.8367
469734.85 5017295.28 0.8231
469644.85 5016905.28 0.8225
469764.85 5017295.28 0.8228
469794.85 5017295.28 0.8227
469824.85 5017295.28 0.8233
469854.85 5017295.28 0.8231
469884.85 5017295.28 0.8238
469404.85 5017325.28 0.8289
469434.85 5017325.28 0.8224
469464.85 5017325.28 0.8222
469494.85 5017325.28 0.8224
469524.85 5017325.28 0.8219
469674.85 5016905.28 0.8315
469554.85 5017325.28 0.8269
469584.85 5017325.28 0.8761
469614.85 5017325.28 0.877
469644.85 5017325.28 0.8798
469674.85 5017325.28 0.8644
469704.85 5017325.28 0.8322
469734.85 5017325.28 0.8234
469764.85 5017325.28 0.8226
469794.85 5017325.28 0.8227
469824.85 5017325.28 0.8229
469704.85 5016905.28 0.8244
469854.85 5017325.28 0.8236
469884.85 5017325.28 0.8231
469404.85 5017355.28 0.8289
469434.85 5017355.28 0.8897
469464.85 5017355.28 0.8795
469494.85 5017355.28 0.8793
469524.85 5017355.28 0.881
469554.85 5017355.28 0.9058
469584.85 5017355.28 0.9396
469614.85 5017355.28 0.9153
469734.85 5016905.28 0.8246
469644.85 5017355.28 0.8818
469674.85 5017355.28 0.8793
469704.85 5017355.28 0.8795
469734.85 5017355.28 0.8794
469764.85 5017355.28 0.8791
469794.85 5017355.28 0.879
469824.85 5017355.28 0.8791
469854.85 5017355.28 0.8798
469884.85 5017355.28 0.8798
469404.85 5017385.28 0.8838
469764.85 5016905.28 0.822
469494.85 5016875.28 0.9312
469794.85 5016905.28 0.8218
469824.85 5016905.28 0.8223
469854.85 5016905.28 0.8223
469884.85 5016905.28 0.8219
469404.85 5016935.28 0.8252
469434.85 5016935.28 0.8846
469464.85 5016935.28 0.9299
469494.85 5016935.28 0.8788
469524.85 5016935.28 0.8277
469554.85 5016935.28 0.8219
469524.85 5016875.28 0.9539
469584.85 5016935.28 0.8261
469614.85 5016935.28 0.834
469644.85 5016935.28 0.8237
469674.85 5016935.28 0.8218
469704.85 5016935.28 0.8221
469734.85 5016935.28 0.8234
469764.85 5016935.28 0.8223
469794.85 5016935.28 0.822
469824.85 5016935.28 0.8222
469854.85 5016935.28 0.822
469554.85 5016875.28 0.8715
469884.85 5016935.28 0.8222
469404.85 5016965.28 0.8253
469434.85 5016965.28 0.8377
469464.85 5016965.28 0.8256
469494.85 5016965.28 0.8245
469524.85 5016965.28 0.823
469554.85 5016965.28 0.8242
469584.85 5016965.28 0.8853
469614.85 5016965.28 0.8272
469644.85 5016965.28 0.8218
469584.85 5016875.28 0.8264
469674.85 5016965.28 0.8218
469704.85 5016965.28 0.8221
469734.85 5016965.28 0.8224
469764.85 5016965.28 0.8561
469794.85 5016965.28 0.8272
469824.85 5016965.28 0.822
469854.85 5016965.28 0.8218
469884.85 5016965.28 0.8218
469404.85 5016995.28 0.8251
469434.85 5016995.28 0.8392
469614.85 5016875.28 0.8221
469464.85 5016995.28 0.8802
469494.85 5016995.28 0.8676
469524.85 5016995.28 0.8672
469554.85 5016995.28 0.8746
469584.85 5016995.28 0.8771
469614.85 5016995.28 0.8222
469644.85 5016995.28 0.8222
469674.85 5016995.28 0.822
469704.85 5016995.28 0.8233
469734.85 5016995.28 0.8264
469644.85 5016875.28 0.8229
469764.85 5016995.28 0.8266
469794.85 5016995.28 0.8548
469824.85 5016995.28 0.8519
469854.85 5016995.28 0.8283
469884.85 5016995.28 0.8219
469404.85 5017025.28 0.826
469434.85 5017025.28 0.8928
469464.85 5017025.28 0.8945
469494.85 5017025.28 0.868
469524.85 5017025.28 0.8687
469674.85 5016875.28 0.8253
469554.85 5017025.28 0.9191
469584.85 5017025.28 0.9076
469614.85 5017025.28 0.8225
469644.85 5017025.28 0.823
469674.85 5017025.28 0.823
469704.85 5017025.28 0.8251
469734.85 5017025.28 0.8293
469764.85 5017025.28 0.8754
469794.85 5017025.28 0.842
469824.85 5017025.28 0.851
