469434.83999999997 5016875.265000001 2.26
469704.85 5016875.275 0.76
469854.83999999997 5017025.275 2.29
469884.83999999997 5017025.275 26.64
469909.83999999997 5017025.265000001 32.99
469434.83999999997 5017055.275 1.32
469464.86 5017055.275 1.86
469494.83999999997 5017055.275 1.42
469524.86 5017055.285 1.63
469554.83999999997 5017055.265000001 1.44
469584.94 5017055.285 1.05
469614.85 5017055.275 1.75
469734.83999999997 5016875.275 0.61
469644.83999999997 5017055.275 1.41
469674.83999999997 5017055.275 1.56
469704.85 5017055.275 1.02
469734.83999999997 5017055.275 2.35
469764.83999999997 5017055.285 1.57
469794.85 5017055.275 1.13
469824.83999999997 5017055.275 1.13
469854.83999999997 5017055.275 1.76
469884.81999999995 5017055.265000001 1.29
469909.87 5017055.285 1.42
469764.83999999997 5016875.275 1.53
469434.83999999997 5017085.275 1.61
469464.83999999997 5017085.265000001 1.57
469494.85 5017085.285 1.85
469524.83999999997 5017085.275 1.59
469554.83999999997 5017085.275 1.56
469584.81 5017085.275 1.18
469614.85 5017085.275 0.87
469644.83999999997 5017085.275 1.09
469674.83999999997 5017085.275 0.95
469704.83999999997 5017085.275 1.77
469794.85 5016875.275 3.44
469734.83999999997 5017085.275 1.05
469764.81999999995 5017085.275 1.07
469794.85 5017085.1850000005 1.18
469824.85 5017085.275 1.65
469854.83999999997 5017085.275 1.85
469884.82999999996 5017085.315 1.88
469909.83999999997 5017085.275 1.33
469434.83999999997 5017115.275 0.77
469464.83999999997 5017115.265000001 1.56
469494.83999999997 5017115.275 1.38
469824.83999999997 5016875.275 12.20
469524.83999999997 5017115.275 1.56
469554.83999999997 5017115.275 1.08
469584.83999999997 5017115.295 0.76
469614.85 5017115.275 0.39
469644.85 5017115.275 1.29
469674.83999999997 5017115.275 0.78
469704.83999999997 5017115.275 0.60
469734.85 5017115.275 1.31
469764.82999999996 5017115.275 1.45
469794.85 5017115.285 1.73
469854.83999999997 5016875.275 31.83
469824.83999999997 5017115.285 1.05
469854.83999999997 5017115.275 1.16
469884.83999999997 5017115.275 1.01
469909.83999999997 5017115.295 1.13
469434.86 5017145.275 1.46
469464.86 5017145.265000001 0.52
469494.85 5017145.285 1.35
469524.86 5017145.275 1.33
469554.83999999997 5017145.275 1.22
469584.83999999997 5017145.275 0.95
469884.83999999997 5016875.275 6.41
469614.85 5017145.275 0.30
469644.83999999997 5017145.275 0.65
469674.83999999997 5017145.275 1.00
469704.85 5017145.285 1.02
469734.85 5017145.275 1.50
469764.81999999995 5017145.275 1.26
469794.86 5017145.275 1.64
469824.83999999997 5017145.275 0.81
469854.83999999997 5017145.275 1.45
469884.83999999997 5017145.275 0.83
469909.85 5016875.275 21.57
469909.83999999997 5017145.295 3.69
469434.81999999995 5017175.275 1.29
469464.85 5017175.265000001 1.33
469494.85 5017175.275 2.29
469524.83999999997 5017175.285 1.09
469554.83999999997 5017175.275 2.01
469584.83999999997 5017175.275 0.39
469614.85 5017175.275 0.61
469644.83999999997 5017175.275 0.65
469674.83999999997 5017175.275 1.04
469434.82999999996 5016905.265000001 2.25
469704.85 5017175.275 0.95
469734.83999999997 5017175.285 3.12
469764.83999999997 5017175.275 2.52
469794.85 5017175.275 1.48
469824.83999999997 5017175.275 7.51
469854.83999999997 5017175.275 2.50
469884.83999999997 5017175.275 174.67
469909.83999999997 5017175.275 21.49
469434.86 5017205.265000001 1.35
469464.83999999997 5017205.285 0.88
469464.82999999996 5016905.115 3.12
469494.83999999997 5017205.285 0.34
469524.83999999997 5017205.275 2.33
469554.83999999997 5017205.275 1.55
469584.83999999997 5017205.275 0.47
469614.85 5017205.275 0.42
469644.83999999997 5017205.275 1.10
469674.83999999997 5017205.275 1.19
469704.83999999997 5017205.275 1.19
469734.85 5017205.265000001 1.70
469764.83999999997 5017205.275 2.08
469464.86 5016875.355 1.62
469494.85 5016905.315 1.72
469794.85 5017205.275 3.95
469824.83999999997 5017205.275 14.71
469854.83999999997 5017205.275 2.71
469884.83999999997 5017205.275 20.73
469909.83999999997 5017205.275 5.01
469434.83999999997 5017235.285 0.49
469464.83999999997 5017235.275 0.70
469494.83999999997 5017235.275 1.27
469524.83999999997 5017235.275 1.82
469554.83999999997 5017235.275 1.05
469524.87 5016905.275 0.93
469584.83999999997 5017235.275 0.46
469614.85 5017235.275 1.25
469644.83999999997 5017235.275 1.83
469674.83999999997 5017235.275 0.69
469704.85 5017235.275 0.75
469734.83999999997 5017235.275 0.73
469764.83999999997 5017235.275 1.32
469794.85 5017235.275 3.50
469824.83999999997 5017235.275 4.23
469854.83999999997 5017235.275 1.29
469554.83999999997 5016905.275 0.60
469884.83999999997 5017235.275 20.95
469909.83999999997 5017235.275 18.14
469434.83999999997 5017265.275 0.70
469464.83999999997 5017265.275 0.36
469494.83999999997 5017265.275 0.67
469524.83999999997 5017265.275 0.94
469554.83999999997 5017265.275 1.28
469584.83999999997 5017265.265000001 0.83
469614.85 5017265.275 1.45
469644.83999999997 5017265.275 0.42
469584.83999999997 5016905.275 1.79
469674.83999999997 5017265.265000001 0.90
469704.85 5017265.265000001 0.46
469734.83999999997 5017265.265000001 5.51
469764.83999999997 5017265.275 8.87
469794.85 5017265.275 0.42
469824.83999999997 5017265.275 1.02
469854.83999999997 5017265.275 13.16
469884.83999999997 5017265.275 28.80
469909.85 5017265.275 53.31
469434.83999999997 5017295.275 1.64
469614.85 5016905.275 1.17
469464.83999999997 5017295.275 0.64
469494.83999999997 5017295.275 0.69
469524.83999999997 5017295.275 0.83
469554.83999999997 5017295.275 1.23
469584.83999999997 5017295.275 0.53
469614.85 5017295.285 0.77
469644.83999999997 5017295.275 1.19
469674.83999999997 5017295.285 1.18
469704.85 5017295.275 0.76
469734.83999999997 5017295.275 3.56
469644.83999999997 5016905.285 0.80
469764.83999999997 5017295.275 3.92
469794.85 5017295.275 4.83
469824.83999999997 5017295.275 20.62
469854.83999999997 5017295.275 18.71
469884.83999999997 5017295.275 10.68
469909.85 5017295.285 4.49
469434.83999999997 5017325.275 2.08
469464.83999999997 5017325.275 2.18
469494.83999999997 5017325.275 1.54
469524.83999999997 5017325.275 1.73
469674.83999999997 5016905.275 1.31
469554.83999999997 5017325.275 1.43
469584.85 5017325.265000001 0.71
469614.85 5017325.275 0.80
469644.87 5017325.275 1.10
469674.83999999997 5017325.275 0.80
469704.85 5017325.275 0.46
469734.83999999997 5017325.275 2.50
469764.83999999997 5017325.275 5.71
469794.85 5017325.275 38.27
469824.83999999997 5017325.275 6.55
469704.85 5016905.275 1.48
469854.83999999997 5017325.275 4.88
469884.83999999997 5017325.275 6.11
469909.83999999997 5017325.275 5.60
469434.83999999997 5017350.275 1.87
469464.83999999997 5017350.285 1.95
469494.83999999997 5017350.275 3.12
469524.83999999997 5017350.275 1.11
469554.83999999997 5017350.275 0.74
469584.88999999996 5017350.285 0.51
469614.85 5017350.275 0.33
469734.83999999997 5016905.275 0.89
469644.83999999997 5017350.275 0.46
469674.83999999997 5017350.275 0.89
469704.85 5017350.275 0.42
469734.83999999997 5017350.275 12.56
469764.83999999997 5017350.275 118.38
469794.83999999997 5017350.275 12.22
469824.83999999997 5017350.275 4.75
469854.83999999997 5017350.275 4.43
469884.83999999997 5017350.275 10.90
469909.83999999997 5017350.285 6.55
469764.83999999997 5016905.275 8.07
469494.83999999997 5016875.295 1.18
469794.85 5016905.275 4.67
469824.83999999997 5016905.275 15.28
469854.83999999997 5016905.275 9.85
469884.83999999997 5016905.275 6.02
469909.85 5016905.275 12.80
469434.83999999997 5016935.075 1.02
469464.83999999997 5016935.445 0.79
469494.83999999997 5016935.285 0.54
469524.83999999997 5016935.275 1.11
469554.83999999997 5016935.275 1.74
469524.86 5016875.275 1.00
469584.83999999997 5016935.275 0.91
469614.85 5016935.275 1.59
469644.83999999997 5016935.275 0.66
469674.83999999997 5016935.275 0.63
469704.85 5016935.275 0.97
469734.83999999997 5016935.275 1.66
469764.83999999997 5016935.275 2.08
469794.85 5016935.275 10.64
469824.83999999997 5016935.275 24.82
469854.83999999997 5016935.275 518.45
469554.83999999997 5016875.275 1.87
469884.83999999997 5016935.275 12.43
469909.83999999997 5016935.275 17.76
469434.83999999997 5016965.625 1.10
469464.83999999997 5016965.265000001 0.98
469494.83999999997 5016965.275 1.21
469524.83999999997 5016965.275 1.51
469554.83999999997 5016965.275 0.70
469584.83999999997 5016965.275 0.88
469614.87 5016965.275 1.58
469644.83999999997 5016965.275 0.94
469584.83999999997 5016875.275 0.87
469674.83999999997 5016965.275 0.95
469704.85 5016965.285 1.17
469734.83999999997 5016965.275 0.60
469764.83999999997 5016965.275 1.74
469794.85 5016965.275 2.45
469824.83999999997 5016965.275 91.74
469854.83999999997 5016965.275 20.19
469884.83999999997 5016965.275 26.37
469909.83999999997 5016965.275 40.13
469434.83999999997 5016995.275 1.44
469614.85 5016875.275 1.48
469464.83999999997 5016995.275 1.65
469494.83999999997 5016995.265000001 2.92
469524.83999999997 5016995.275 0.74
469554.83999999997 5016995.255000001 0.58
469584.85 5016995.295 1.26
469614.85 5016995.275 1.63
469644.83999999997 5016995.275 0.77
469674.83999999997 5016995.275 1.13
469704.85 5016995.275 0.93
469734.83999999997 5016995.275 0.96
469644.83999999997 5016875.275 1.11
469764.83999999997 5016995.275 1.45
469794.85 5016995.275 1.36
469824.83999999997 5016995.275 3.79
469854.83999999997 5016995.275 12.97
469884.83999999997 5016995.275 29.59
469909.83999999997 5016995.275 196.50
469434.81999999995 5017025.275 1.08
469464.83999999997 5017025.265000001 1.70
469494.82999999996 5017025.285 1.25
469524.83999999997 5017025.285 0.67
469674.83999999997 5016875.275 1.03
469554.83999999997 5017025.285 0.80
469584.85 5017025.285 0.88
469614.85 5017025.275 1.74
469644.83999999997 5017025.275 1.07
469674.83999999997 5017025.275 1.11
469704.85 5017025.275 1.07
469734.83999999997 5017025.275 1.12
469764.81 5017025.235 1.47
469794.88999999996 5017025.275 4.82
469824.83999999997 5017025.275 1.61
