468934.85 5016875.28 0.8377
469204.85 5016875.28 0.8222
469354.85 5017025.28 0.8239
469384.85 5017025.28 0.8227
468904.85 5017055.28 0.8817
468934.85 5017055.28 0.8225
468964.85 5017055.28 0.8225
468994.85 5017055.28 0.824
469024.85 5017055.28 0.8253
469054.85 5017055.28 0.8234
469084.85 5017055.28 0.8229
469114.85 5017055.28 0.8227
469234.85 5016875.28 0.8224
469144.85 5017055.28 0.8226
469174.85 5017055.28 0.8221
469204.85 5017055.28 0.8219
469234.85 5017055.28 0.8247
469264.85 5017055.28 0.8228
469294.85 5017055.28 0.8225
469324.85 5017055.28 0.8223
469354.85 5017055.28 0.8226
469384.85 5017055.28 0.8226
468904.85 5017085.28 0.8313
469264.85 5016875.28 0.822
468934.85 5017085.28 0.8238
468964.85 5017085.28 0.823
468994.85 5017085.28 0.8229
469024.85 5017085.28 0.8225
469054.85 5017085.28 0.8225
469084.85 5017085.28 0.8221
469114.85 5017085.28 0.8225
469144.85 5017085.28 0.8222
469174.85 5017085.28 0.8221
469204.85 5017085.28 0.8229
469294.85 5016875.28 0.822
469234.85 5017085.28 0.8234
469264.85 5017085.28 0.8221
469294.85 5017085.28 0.8224
469324.85 5017085.28 0.8221
469354.85 5017085.28 0.8223
469384.85 5017085.28 0.8226
468904.85 5017115.28 0.826
468934.85 5017115.28 0.8242
468964.85 5017115.28 0.8231
468994.85 5017115.28 0.8241
469324.85 5016875.28 0.8218
469024.85 5017115.28 0.8244
469054.85 5017115.28 0.8226
469084.85 5017115.28 0.8222
469114.85 5017115.28 0.8223
469144.85 5017115.28 0.8222
469174.85 5017115.28 0.8227
469204.85 5017115.28 0.822
469234.85 5017115.28 0.8222
469264.85 5017115.28 0.8226
469294.85 5017115.28 0.8225
469354.85 5016875.28 0.8219
469324.85 5017115.28 0.8221
469354.85 5017115.28 0.8232
469384.85 5017115.28 0.8274
468904.85 5017145.28 0.8735
468934.85 5017145.28 0.8236
468964.85 5017145.28 0.823
468994.85 5017145.28 0.8247
469024.85 5017145.28 0.8228
469054.85 5017145.28 0.8243
469084.85 5017145.28 0.8222
469384.85 5016875.28 0.8218
469114.85 5017145.28 0.8226
469144.85 5017145.28 0.8223
469174.85 5017145.28 0.8218
469204.85 5017145.28 0.8221
469234.85 5017145.28 0.8225
469264.85 5017145.28 0.8225
469294.85 5017145.28 0.8225
469324.85 5017145.28 0.8254
469354.85 5017145.28 0.8446
469384.85 5017145.28 0.8559
468904.85 5016905.28 0.8255
468904.85 5017175.28 0.8725
468934.85 5017175.28 0.8268
468964.85 5017175.28 0.8367
468994.85 5017175.28 0.8284
469024.85 5017175.28 0.8258
469054.85 5017175.28 0.8235
469084.85 5017175.28 0.8233
469114.85 5017175.28 0.8233
469144.85 5017175.28 0.8235
469174.85 5017175.28 0.8234
468934.85 5016905.28 0.8364
469204.85 5017175.28 0.8232
469234.85 5017175.28 0.8237
469264.85 5017175.28 0.8232
469294.85 5017175.28 0.8232
469324.85 5017175.28 0.8247
469354.85 5017175.28 0.9102
469384.85 5017175.28 0.8809
468904.85 5017205.28 0.8814
468934.85 5017205.28 0.8379
468964.85 5017205.28 0.8319
468964.85 5016905.28 0.8222
468994.85 5017205.28 0.8274
469024.85 5017205.28 0.8278
469054.85 5017205.28 0.8269
469084.85 5017205.28 0.8238
469114.85 5017205.28 0.8234
469144.85 5017205.28 0.8251
469174.85 5017205.28 0.8243
469204.85 5017205.28 0.824
469234.85 5017205.28 0.8231
469264.85 5017205.28 0.8237
468964.85 5016875.28 0.8221
468994.85 5016905.28 0.8224
469294.85 5017205.28 0.8234
469324.85 5017205.28 0.8241
469354.85 5017205.28 0.8512
469384.85 5017205.28 0.8738
468904.85 5017235.28 0.9184
468934.85 5017235.28 0.8232
468964.85 5017235.28 0.8247
468994.85 5017235.28 0.8603
469024.85 5017235.28 0.8287
469054.85 5017235.28 0.8261
469024.85 5016905.28 0.8222
469084.85 5017235.28 0.8225
469114.85 5017235.28 0.822
469144.85 5017235.28 0.8222
469174.85 5017235.28 0.822
469204.85 5017235.28 0.8221
469234.85 5017235.28 0.8226
469264.85 5017235.28 0.8225
469294.85 5017235.28 0.8221
469324.85 5017235.28 0.8221
469354.85 5017235.28 0.8221
469054.85 5016905.28 0.8223
469384.85 5017235.28 0.8223
468904.85 5017265.28 0.8545
468934.85 5017265.28 0.8365
468964.85 5017265.28 0.8548
468994.85 5017265.28 0.8288
469024.85 5017265.28 0.8242
469054.85 5017265.28 0.8245
469084.85 5017265.28 0.8229
469114.85 5017265.28 0.8223
469144.85 5017265.28 0.822
469084.85 5016905.28 0.8226
469174.85 5017265.28 0.8219
469204.85 5017265.28 0.8222
469234.85 5017265.28 0.8224
469264.85 5017265.28 0.8225
469294.85 5017265.28 0.8222
469324.85 5017265.28 0.8222
469354.85 5017265.28 0.8227
469384.85 5017265.28 0.823
468904.85 5017295.28 0.8252
468934.85 5017295.28 0.823
469114.85 5016905.28 0.8225
468964.85 5017295.28 0.8248
468994.85 5017295.28 0.8234
469024.85 5017295.28 0.8237
469054.85 5017295.28 0.8228
469084.85 5017295.28 0.8225
469114.85 5017295.28 0.8222
469144.85 5017295.28 0.8222
469174.85 5017295.28 0.8219
469204.85 5017295.28 0.8223
469234.85 5017295.28 0.8224
469144.85 5016905.28 0.8223
469264.85 5017295.28 0.8224
469294.85 5017295.28 0.8224
469324.85 5017295.28 0.8224
469354.85 5017295.28 0.8222
469384.85 5017295.28 0.822
468904.85 5017325.28 0.8258
468934.85 5017325.28 0.8229
468964.85 5017325.28 0.8234
468994.85 5017325.28 0.8246
469024.85 5017325.28 0.8245
469174.85 5016905.28 0.8223
469054.85 5017325.28 0.8225
469084.85 5017325.28 0.8225
469114.85 5017325.28 0.8224
469144.85 5017325.28 0.8225
469174.85 5017325.28 0.8224
469204.85 5017325.28 0.8227
469234.85 5017325.28 0.8223
469264.85 5017325.28 0.8221
469294.85 5017325.28 0.823
469324.85 5017325.28 0.8223
469204.85 5016905.28 0.8222
469354.85 5017325.28 0.8225
469384.85 5017325.28 0.8224
468904.85 5017355.28 0.8259
468934.85 5017355.28 0.8791
468964.85 5017355.28 0.8789
468994.85 5017355.28 0.8796
469024.85 5017355.28 0.8797
469054.85 5017355.28 0.8796
469084.85 5017355.28 0.8786
469114.85 5017355.28 0.8791
469234.85 5016905.28 0.8218
469144.85 5017355.28 0.8794
469174.85 5017355.28 0.8791
469204.85 5017355.28 0.8788
469234.85 5017355.28 0.8791
469264.85 5017355.28 0.8789
469294.85 5017355.28 0.8787
469324.85 5017355.28 0.8787
469354.85 5017355.28 0.8788
469384.85 5017355.28 0.8783
468904.85 5017385.28 0.8827
469264.85 5016905.28 0.822
468994.85 5016875.28 0.8221
469294.85 5016905.28 0.822
469324.85 5016905.28 0.8219
469354.85 5016905.28 0.822
469384.85 5016905.28 0.8221
468904.85 5016935.28 0.8254
468934.85 5016935.28 0.8267
468964.85 5016935.28 0.8232
468994.85 5016935.28 0.822
469024.85 5016935.28 0.8223
469054.85 5016935.28 0.8225
469024.85 5016875.28 0.8221
469084.85 5016935.28 0.8221
469114.85 5016935.28 0.8221
469144.85 5016935.28 0.8221
469174.85 5016935.28 0.8221
469204.85 5016935.28 0.8221
469234.85 5016935.28 0.822
469264.85 5016935.28 0.8219
469294.85 5016935.28 0.8217
469324.85 5016935.28 0.8221
469354.85 5016935.28 0.8228
469054.85 5016875.28 0.822
469384.85 5016935.28 0.8467
468904.85 5016965.28 0.8254
468934.85 5016965.28 0.8221
468964.85 5016965.28 0.8224
468994.85 5016965.28 0.8223
469024.85 5016965.28 0.8219
469054.85 5016965.28 0.8227
469084.85 5016965.28 0.8222
469114.85 5016965.28 0.8228
469144.85 5016965.28 0.8291
469084.85 5016875.28 0.8223
469174.85 5016965.28 0.8253
469204.85 5016965.28 0.8221
469234.85 5016965.28 0.8221
469264.85 5016965.28 0.8221
469294.85 5016965.28 0.822
469324.85 5016965.28 0.8249
469354.85 5016965.28 0.8487
469384.85 5016965.28 0.8643
468904.85 5016995.28 0.8266
468934.85 5016995.28 0.8282
469114.85 5016875.28 0.8222
468964.85 5016995.28 0.8476
468994.85 5016995.28 0.8411
469024.85 5016995.28 0.8406
469054.85 5016995.28 0.8754
469084.85 5016995.28 0.8593
469114.85 5016995.28 0.8835
469144.85 5016995.28 0.8326
469174.85 5016995.28 0.8227
469204.85 5016995.28 0.822
469234.85 5016995.28 0.8225
469144.85 5016875.28 0.8223
469264.85 5016995.28 0.8225
469294.85 5016995.28 0.8219
469324.85 5016995.28 0.8295
469354.85 5016995.28 0.8299
469384.85 5016995.28 0.8218
468904.85 5017025.28 0.8305
468934.85 5017025.28 0.8443
468964.85 5017025.28 0.8705
468994.85 5017025.28 0.8579
469024.85 5017025.28 0.8371
469174.85 5016875.28 0.8222
469054.85 5017025.28 0.8278
469084.85 5017025.28 0.8396
469114.85 5017025.28 0.8511
469144.85 5017025.28 0.8264
469174.85 5017025.28 0.8245
469204.85 5017025.28 0.8228
469234.85 5017025.28 0.8227
469264.85 5017025.28 0.8242
469294.85 5017025.28 0.8265
469324.85 5017025.28 0.8243
