468934.83999999997 5016875.265000001 3.39
469204.85 5016875.275 0.84
469354.83999999997 5017025.275 0.91
469384.83999999997 5017025.275 1.07
469409.83999999997 5017025.275 1.68
468934.83999999997 5017055.275 2.28
468964.83999999997 5017055.275 4.16
468994.83999999997 5017055.275 2.23
469024.83999999997 5017055.275 2.48
469054.83999999997 5017055.275 1.28
469084.83999999997 5017055.275 6.43
469114.85 5017055.275 12.82
469234.83999999997 5016875.275 1.02
469144.83999999997 5017055.275 2.09
469174.83999999997 5017055.275 2.03
469204.85 5017055.275 2.38
469234.83999999997 5017055.275 3.71
469264.83999999997 5017055.275 2.45
469294.85 5017055.275 2.50
469324.83999999997 5017055.275 2.52
469354.83999999997 5017055.275 0.46
469384.83999999997 5017055.275 1.32
469409.83999999997 5017055.275 1.78
469264.83999999997 5016875.275 4.59
468934.83999999997 5017085.275 2.46
468964.83999999997 5017085.275 4.93
468994.83999999997 5017085.275 33.23
469024.83999999997 5017085.275 8.30
469054.83999999997 5017085.275 4.58
469084.83999999997 5017085.275 2.60
469114.85 5017085.275 1.62
469144.83999999997 5017085.275 4.93
469174.83999999997 5017085.275 8.77
469204.85 5017085.275 2.36
469294.85 5016875.275 6.18
469234.83999999997 5017085.275 2.77
469264.83999999997 5017085.275 2.81
469294.85 5017085.275 3.84
469324.83999999997 5017085.275 9.02
469354.83999999997 5017085.275 1.12
469384.83999999997 5017085.275 0.87
469409.83999999997 5017085.275 1.06
468934.83999999997 5017115.275 3.07
468964.83999999997 5017115.275 2.93
468994.83999999997 5017115.275 3.04
469324.83999999997 5016875.275 5.92
469024.85 5017115.275 27.00
469054.83999999997 5017115.275 4.75
469084.83999999997 5017115.275 13.51
469114.85 5017115.275 8.36
469144.83999999997 5017115.275 2.88
469174.83999999997 5017115.275 9.43
469204.85 5017115.275 4.91
469234.83999999997 5017115.275 4.40
469264.83999999997 5017115.275 12.63
469294.85 5017115.275 82.86
469354.83999999997 5016875.275 13.92
469324.83999999997 5017115.275 2.22
469354.83999999997 5017115.275 0.65
469384.83999999997 5017115.275 0.95
469409.83999999997 5017115.245 1.38
468934.83999999997 5017145.275 2.60
468964.83999999997 5017145.275 6.51
468994.83999999997 5017145.275 14.99
469024.83999999997 5017145.275 1.51
469054.83999999997 5017145.275 10.10
469084.83999999997 5017145.275 3.03
469384.83999999997 5016875.275 119.31
469114.85 5017145.275 4.59
469144.83999999997 5017145.275 2.98
469174.83999999997 5017145.275 2.68
469204.85 5017145.275 3.08
469234.83999999997 5017145.275 4.98
469264.83999999997 5017145.275 4.39
469294.85 5017145.275 14.08
469324.83999999997 5017145.275 0.98
469354.83999999997 5017145.275 0.80
469384.83999999997 5017145.275 1.69
469409.83999999997 5016875.275 8.25
469409.85 5017145.305000001 1.98
468934.83999999997 5017175.275 4.05
468964.83999999997 5017175.275 8.22
468994.85 5017175.275 39.04
469024.83999999997 5017175.275 1.36
469054.83999999997 5017175.275 1.77
469084.83999999997 5017175.275 6.56
469114.85 5017175.275 2.11
469144.83999999997 5017175.275 2.86
469174.83999999997 5017175.275 6.04
468934.86 5016905.275 0.94
469204.85 5017175.275 2.16
469234.83999999997 5017175.275 4.23
469264.83999999997 5017175.275 3.47
469294.85 5017175.275 2.23
469324.83999999997 5017175.275 3.05
469354.86 5017175.275 1.53
469384.86 5017175.265000001 1.04
469409.83999999997 5017175.265000001 3.87
468934.83999999997 5017205.285 1.60
468964.82999999996 5017205.275 2.08
468964.83999999997 5016905.275 0.82
468994.88 5017205.275 0.62
469024.83999999997 5017205.275 2.97
469054.83999999997 5017205.275 6.12
469084.83999999997 5017205.275 4.07
469114.83999999997 5017205.275 1.38
469144.83999999997 5017205.275 1.47
469174.83999999997 5017205.275 1.46
469204.85 5017205.275 1.91
469234.85 5017205.275 2.77
469264.83999999997 5017205.275 6.33
468964.83999999997 5016875.275 5.03
468994.83999999997 5016905.275 1.30
469294.85 5017205.275 6.66
469324.83999999997 5017205.275 1.18
469354.83999999997 5017205.275 0.78
469384.81999999995 5017205.315 1.35
469409.83999999997 5017205.255000001 1.13
468934.83999999997 5017235.265000001 3.50
468964.83999999997 5017235.275 4.09
468998.52999999997 5017235.265000001 6.02
469024.83999999997 5017235.275 73.47
469054.83999999997 5017235.275 0.93
469024.83999999997 5016905.275 0.80
469084.83999999997 5017235.275 0.74
469114.85 5017235.275 1.14
469144.83999999997 5017235.275 1.74
469174.83999999997 5017235.275 2.45
469204.85 5017235.275 3.36
469234.83999999997 5017235.275 3.15
469264.83999999997 5017235.275 2.02
469294.85 5017235.275 2.72
469324.83999999997 5017235.275 1.03
469354.83999999997 5017235.275 0.39
469054.83999999997 5016905.275 1.41
469384.83999999997 5017235.275 0.72
469409.83999999997 5017235.285 2.30
468934.83999999997 5017265.275 2.05
468964.85 5017265.275 8.76
468994.86 5017265.275 3.68
469024.83999999997 5017265.275 5.77
469054.83999999997 5017265.275 5.23
469084.83999999997 5017265.275 4.76
469114.85 5017265.275 4.06
469144.83999999997 5017265.275 15.58
469084.83999999997 5016905.275 5.73
469174.83999999997 5017265.275 10.20
469204.85 5017265.275 2.32
469234.83999999997 5017265.275 3.51
469264.83999999997 5017265.275 1.31
469294.85 5017265.275 2.33
469324.83999999997 5017265.275 1.36
469354.83999999997 5017265.275 0.75
469384.83999999997 5017265.275 1.13
469409.85 5017265.275 1.26
468934.83999999997 5017295.275 6.13
469114.85 5016905.275 4.77
468964.83999999997 5017295.275 5.72
468994.83999999997 5017295.275 5.46
469024.83999999997 5017295.275 36.98
469054.83999999997 5017295.275 4.83
469084.83999999997 5017295.275 10.39
469114.85 5017295.275 19.47
469144.83999999997 5017295.275 8.69
469174.83999999997 5017295.275 13.98
469204.85 5017295.275 17.74
469234.83999999997 5017295.275 11.04
469144.83999999997 5016905.275 2.68
469264.83999999997 5017295.275 2.68
469294.85 5017295.275 2.31
469324.83999999997 5017295.275 5.10
469384.83999999997 5017295.275 5.21
469409.83999999997 5017295.275 3.39
468934.83999999997 5017325.275 9.19
468964.83999999997 5017325.275 5.86
468994.83999999997 5017325.275 2.30
469024.83999999997 5017325.275 6.64
469174.83999999997 5016905.275 0.74
469054.83999999997 5017325.275 1.83
469084.83999999997 5017325.275 0.82
469114.85 5017325.275 314.87
469144.83999999997 5017325.275 4.39
469174.83999999997 5017325.275 10.07
469204.85 5017325.275 51.83
469234.83999999997 5017325.275 2.85
469264.83999999997 5017325.275 2.06
469294.85 5017325.275 7.06
469324.83999999997 5017325.275 7.32
469204.85 5016905.275 0.95
469354.83999999997 5017325.275 50.36
469384.83999999997 5017325.275 6.74
469409.83999999997 5017325.275 3.81
468934.83999999997 5017350.275 1.35
468964.83999999997 5017350.275 3.03
468994.83999999997 5017350.275 3.80
469024.83999999997 5017350.275 3.18
469054.83999999997 5017350.275 1.17
469084.83999999997 5017350.275 2.27
469114.85 5017350.275 2.66
469234.83999999997 5016905.275 1.41
469144.83999999997 5017350.275 3.07
469174.83999999997 5017350.275 61.63
469204.85 5017350.275 1.03
469234.83999999997 5017350.275 2.63
469264.83999999997 5017350.275 2.40
469294.85 5017350.275 4.14
469324.83999999997 5017350.275 2.53
469354.83999999997 5017350.275 13.02
469384.83999999997 5017350.275 38.68
469409.83999999997 5017350.275 2.59
469264.83999999997 5016905.275 4.92
468994.83999999997 5016875.275 4.16
469294.85 5016905.275 6.42
469324.83999999997 5016905.275 7.67
469354.83999999997 5016905.275 16.71
469384.83999999997 5016905.275 22.04
469409.83999999997 5016905.275 10.11
468934.85 5016935.275 1.05
468964.83999999997 5016935.275 0.71
468994.83999999997 5016935.275 0.52
469024.83999999997 5016935.275 0.93
469054.83999999997 5016935.275 0.86
469024.83999999997 5016875.275 2.11
469084.83999999997 5016935.275 1.42
469114.85 5016935.275 1.02
469144.83999999997 5016935.275 1.06
469174.83999999997 5016935.275 0.52
469204.85 5016935.275 1.93
469234.83999999997 5016935.275 4.47
469264.83999999997 5016935.275 5.52
469294.85 5016935.275 3.85
469324.83999999997 5016935.275 10.11
469354.83999999997 5016935.275 9.41
469054.83999999997 5016875.275 2.24
469384.83999999997 5016935.275 10.48
469409.83999999997 5016935.275 0.63
468934.85 5016965.275 0.71
468964.83999999997 5016965.275 0.60
468994.83999999997 5016965.275 0.53
469024.83999999997 5016965.275 0.56
469054.83999999997 5016965.275 1.44
469084.85 5016965.275 1.00
469114.85 5016965.275 1.68
469144.83999999997 5016965.275 1.17
469084.83999999997 5016875.275 4.26
469174.83999999997 5016965.275 0.90
469204.85 5016965.275 2.68
469234.83999999997 5016965.275 34.90
469264.83999999997 5016965.275 39.67
469294.85 5016965.275 3.95
469324.83999999997 5016965.275 25.68
469354.83999999997 5016965.275 3.40
469384.83999999997 5016965.275 1.38
469409.85 5016965.275 1.59
468934.83999999997 5016995.275 0.72
469114.85 5016875.275 6.75
468964.83999999997 5016995.265000001 0.84
468994.83999999997 5016995.275 0.82
469024.83999999997 5016995.275 49.15
469054.83999999997 5016995.275 1.57
469084.83999999997 5016995.275 2.05
469114.85 5016995.275 3.14
469144.83999999997 5016995.315 3.46
469174.83999999997 5016995.275 1.64
469204.85 5016995.275 0.60
469234.83999999997 5016995.275 7.98
469144.83999999997 5016875.275 4.51
469264.83999999997 5016995.275 4.67
469294.85 5016995.275 3.57
469324.83999999997 5016995.275 5.44
469354.83999999997 5016995.275 4.22
469384.83999999997 5016995.275 2.10
469409.83999999997 5016995.275 3.73
468934.83999999997 5017025.275 2.15
468964.85 5017025.315 5.14
468994.83999999997 5017025.275 1.99
469024.83999999997 5017025.275 11.72
469174.83999999997 5016875.275 2.97
469054.83999999997 5017025.275 2.23
469084.83999999997 5017025.275 2.90
469114.85 5017025.285 26.74
469144.83999999997 5017025.275 4.34
469174.83999999997 5017025.275 15.35
469204.85 5017025.275 2.82
469234.83999999997 5017025.275 1.75
469264.83999999997 5017025.275 3.37
469294.85 5017025.275 5.74
469324.83999999997 5017025.275 992.32
