470434.85 5013379.2 0.8714
470704.85 5013379.2 0.8407
470854.85 5013529.2 0.8236
470884.85 5013529.2 0.8237
470404.85 5013559.2 0.827
470434.85 5013559.2 0.8248
470464.85 5013559.2 0.8249
470494.85 5013559.2 0.8255
470524.85 5013559.2 0.8239
470554.85 5013559.2 0.8242
470584.85 5013559.2 0.8239
470614.85 5013559.2 0.8247
470734.85 5013379.2 0.8443
470644.85 5013559.2 0.8256
470674.85 5013559.2 0.8269
470704.85 5013559.2 0.8256
470734.85 5013559.2 0.8242
470764.85 5013559.2 0.8235
470794.85 5013559.2 0.8238
470824.85 5013559.2 0.8234
470854.85 5013559.2 0.8233
470884.85 5013559.2 0.8228
470404.85 5013589.2 0.8296
470764.85 5013379.2 0.8453
470434.85 5013589.2 0.8259
470464.85 5013589.2 0.8266
470494.85 5013589.2 0.8244
470524.85 5013589.2 0.8239
470554.85 5013589.2 0.8241
470584.85 5013589.2 0.8238
470614.85 5013589.2 0.8239
470644.85 5013589.2 0.8247
470674.85 5013589.2 0.8242
470704.85 5013589.2 0.825
470794.85 5013379.2 0.8472
470734.85 5013589.2 0.8231
470764.85 5013589.2 0.8255
470794.85 5013589.2 0.8233
470824.85 5013589.2 0.8232
470854.85 5013589.2 0.8227
470884.85 5013589.2 0.8237
470404.85 5013619.2 0.828
470434.85 5013619.2 0.823
470464.85 5013619.2 0.824
470494.85 5013619.2 0.8224
470824.85 5013379.2 0.8493
470524.85 5013619.2 0.8223
470554.85 5013619.2 0.8224
470584.85 5013619.2 0.8231
470614.85 5013619.2 0.8231
470644.85 5013619.2 0.8223
470674.85 5013619.2 0.8227
470704.85 5013619.2 0.8244
470734.85 5013619.2 0.822
470764.85 5013619.2 0.8229
470794.85 5013619.2 0.8255
470854.85 5013379.2 0.851
470824.85 5013619.2 0.8229
470854.85 5013619.2 0.8229
470884.85 5013619.2 0.8222
470404.85 5013649.2 0.8266
470434.85 5013649.2 0.8225
470464.85 5013649.2 0.8233
470494.85 5013649.2 0.8223
470524.85 5013649.2 0.8222
470554.85 5013649.2 0.8229
470584.85 5013649.2 0.8225
470884.85 5013379.2 0.8527
470614.85 5013649.2 0.8226
470644.85 5013649.2 0.8232
470674.85 5013649.2 0.8234
470704.85 5013649.2 0.8221
470734.85 5013649.2 0.8222
470764.85 5013649.2 0.8226
470794.85 5013649.2 0.8223
470824.85 5013649.2 0.8221
470854.85 5013649.2 0.824
470884.85 5013649.2 0.8223
470404.85 5013409.2 0.8593
470404.85 5013679.2 0.8269
470434.85 5013679.2 0.8233
470464.85 5013679.2 0.8234
470494.85 5013679.2 0.8228
470524.85 5013679.2 0.8225
470554.85 5013679.2 0.8229
470584.85 5013679.2 0.8236
470614.85 5013679.2 0.8223
470644.85 5013679.2 0.8223
470674.85 5013679.2 0.8222
470434.85 5013409.2 0.848
470704.85 5013679.2 0.8232
470734.85 5013679.2 0.823
470764.85 5013679.2 0.8229
470794.85 5013679.2 0.8237
470824.85 5013679.2 0.8229
470854.85 5013679.2 0.8229
470884.85 5013679.2 0.8236
470404.85 5013709.2 0.8284
470434.85 5013709.2 0.8357
470464.85 5013709.2 0.8243
470464.85 5013409.2 0.8229
470494.85 5013709.2 0.8228
470524.85 5013709.2 0.8227
470554.85 5013709.2 0.8231
470584.85 5013709.2 0.8226
470614.85 5013709.2 0.8229
470644.85 5013709.2 0.8223
470674.85 5013709.2 0.8225
470704.85 5013709.2 0.8228
470734.85 5013709.2 0.8229
470764.85 5013709.2 0.8226
470464.85 5013379.2 0.8363
470494.85 5013409.2 0.8227
470794.85 5013709.2 0.8224
470824.85 5013709.2 0.8223
470854.85 5013709.2 0.8233
470884.85 5013709.2 0.8227
470404.85 5013739.2 0.8297
470434.85 5013739.2 0.8247
470464.85 5013739.2 0.8238
470494.85 5013739.2 0.8238
470524.85 5013739.2 0.824
470554.85 5013739.2 0.8243
470524.85 5013409.2 0.8228
470584.85 5013739.2 0.8231
470614.85 5013739.2 0.8231
470644.85 5013739.2 0.8229
470674.85 5013739.2 0.8235
470704.85 5013739.2 0.8232
470734.85 5013739.2 0.8233
470764.85 5013739.2 0.8227
470794.85 5013739.2 0.8226
470824.85 5013739.2 0.8227
470854.85 5013739.2 0.8236
470554.85 5013409.2 0.8224
470884.85 5013739.2 0.8237
470404.85 5013769.2 0.8283
470434.85 5013769.2 0.8224
470464.85 5013769.2 0.8224
470494.85 5013769.2 0.822
470524.85 5013769.2 0.823
470554.85 5013769.2 0.8223
470584.85 5013769.2 0.8227
470614.85 5013769.2 0.8229
470644.85 5013769.2 0.8229
470584.85 5013409.2 0.8225
470674.85 5013769.2 0.823
470704.85 5013769.2 0.8234
470734.85 5013769.2 0.8223
470764.85 5013769.2 0.8242
470794.85 5013769.2 0.8227
470824.85 5013769.2 0.8268
470854.85 5013769.2 0.8263
470884.85 5013769.2 0.8226
470404.85 5013799.2 0.8285
470434.85 5013799.2 0.8232
470614.85 5013409.2 0.8224
470464.85 5013799.2 0.8232
470494.85 5013799.2 0.824
470524.85 5013799.2 0.8227
470554.85 5013799.2 0.8229
470584.85 5013799.2 0.8227
470614.85 5013799.2 0.8229
470644.85 5013799.2 0.8226
470674.85 5013799.2 0.823
470704.85 5013799.2 0.8223
470734.85 5013799.2 0.8234
470644.85 5013409.2 0.8225
470764.85 5013799.2 0.8234
470794.85 5013799.2 0.8233
470824.85 5013799.2 0.8237
470854.85 5013799.2 0.8231
470884.85 5013799.2 0.8242
470404.85 5013829.2 0.8315
470434.85 5013829.2 0.8236
470464.85 5013829.2 0.8234
470494.85 5013829.2 0.8234
470524.85 5013829.2 0.8227
470674.85 5013409.2 0.823
470554.85 5013829.2 0.8223
470584.85 5013829.2 0.8241
470614.85 5013829.2 0.8222
470644.85 5013829.2 0.8221
470674.85 5013829.2 0.8228
470704.85 5013829.2 0.8226
470734.85 5013829.2 0.8237
470764.85 5013829.2 0.8236
470794.85 5013829.2 0.8235
470824.85 5013829.2 0.8273
470704.85 5013409.2 0.8233
470854.85 5013829.2 0.8236
470884.85 5013829.2 0.8236
470404.85 5013859.2 0.8434
470434.85 5013859.2 0.9013
470464.85 5013859.2 0.901
470494.85 5013859.2 0.9014
470524.85 5013859.2 0.9026
470554.85 5013859.2 0.901
470584.85 5013859.2 0.9018
470614.85 5013859.2 0.9014
470734.85 5013409.2 0.8234
470644.85 5013859.2 0.9016
470674.85 5013859.2 0.9019
470704.85 5013859.2 0.9018
470734.85 5013859.2 0.9022
470764.85 5013859.2 0.9034
470794.85 5013859.2 0.901
470824.85 5013859.2 0.9016
470854.85 5013859.2 0.9024
470884.85 5013859.2 0.9032
470404.85 5013889.2 0.9058
470764.85 5013409.2 0.8231
470494.85 5013379.2 0.8383
470794.85 5013409.2 0.8232
470824.85 5013409.2 0.8229
470854.85 5013409.2 0.8235
470884.85 5013409.2 0.8238
470404.85 5013439.2 0.8274
470434.85 5013439.2 0.8281
470464.85 5013439.2 0.8232
470494.85 5013439.2 0.8224
470524.85 5013439.2 0.823
470554.85 5013439.2 0.8229
470524.85 5013379.2 0.8287
470584.85 5013439.2 0.8224
470614.85 5013439.2 0.8229
470644.85 5013439.2 0.8232
470674.85 5013439.2 0.8234
470704.85 5013439.2 0.823
470734.85 5013439.2 0.8233
470764.85 5013439.2 0.8234
470794.85 5013439.2 0.8228
470824.85 5013439.2 0.8235
470854.85 5013439.2 0.8233
470554.85 5013379.2 0.8306
470884.85 5013439.2 0.8235
470404.85 5013469.2 0.8284
470434.85 5013469.2 0.8255
470464.85 5013469.2 0.8243
470494.85 5013469.2 0.8233
470524.85 5013469.2 0.8229
470554.85 5013469.2 0.8227
470584.85 5013469.2 0.8227
470614.85 5013469.2 0.8228
470644.85 5013469.2 0.8231
470584.85 5013379.2 0.8317
470674.85 5013469.2 0.8233
470704.85 5013469.2 0.823
470734.85 5013469.2 0.8237
470764.85 5013469.2 0.8258
470794.85 5013469.2 0.8229
470824.85 5013469.2 0.8236
470854.85 5013469.2 0.8232
470884.85 5013469.2 0.8237
470404.85 5013499.2 0.8269
470434.85 5013499.2 0.8258
470614.85 5013379.2 0.8338
470464.85 5013499.2 0.8227
470494.85 5013499.2 0.8223
470524.85 5013499.2 0.8233
470554.85 5013499.2 0.8228
470584.85 5013499.2 0.8229
470614.85 5013499.2 0.8229
470644.85 5013499.2 0.8226
470674.85 5013499.2 0.8227
470704.85 5013499.2 0.8239
470734.85 5013499.2 0.8242
470644.85 5013379.2 0.8368
470764.85 5013499.2 0.8235
470794.85 5013499.2 0.8256
470824.85 5013499.2 0.823
470854.85 5013499.2 0.823
470884.85 5013499.2 0.8231
470404.85 5013529.2 0.8289
470434.85 5013529.2 0.8238
470464.85 5013529.2 0.8231
470494.85 5013529.2 0.8233
470524.85 5013529.2 0.8224
470674.85 5013379.2 0.8381
470554.85 5013529.2 0.8225
470584.85 5013529.2 0.8229
470614.85 5013529.2 0.8221
470644.85 5013529.2 0.8232
470674.85 5013529.2 0.8226
470704.85 5013529.2 0.8254
470734.85 5013529.2 0.8233
470764.85 5013529.2 0.8227
470794.85 5013529.2 0.823
470824.85 5013529.2 0.8239
