470434.83499999996 5013379.194999999 1.03
470704.845 5013380.754999999 0.77
470854.845 5013529.194999999 0.55
470884.845 5013529.194999999 2.22
470909.845 5013529.194999999 3.52
470434.855 5013559.194999999 0.50
470464.845 5013559.194999999 0.53
470494.845 5013559.194999999 2.26
470524.845 5013559.194999999 0.35
470554.845 5013559.194999999 0.43
470584.845 5013559.204999999 0.12
470614.845 5013559.194999999 1.60
470734.845 5013380.944999999 0.46
470644.845 5013559.194999999 1.40
470674.845 5013559.194999999 1.57
470704.845 5013559.194999999 0.46
470734.845 5013559.194999999 14.68
470764.845 5013559.194999999 0.58
470794.845 5013559.194999999 1.37
470824.845 5013559.194999999 0.26
470854.845 5013559.194999999 1.34
470884.845 5013559.194999999 5.81
470909.845 5013559.204999999 2.30
470764.845 5013381.154999999 3.03
470434.845 5013589.194999999 6.79
470464.845 5013589.204999999 7.34
470494.845 5013589.194999999 1.17
470524.845 5013589.204999999 0.11
470554.845 5013589.194999999 0.11
470584.845 5013589.194999999 0.49
470614.845 5013589.194999999 0.95
470644.845 5013589.194999999 2.37
470674.845 5013589.194999999 3.07
470704.845 5013589.194999999 0.47
470794.845 5013381.305 3.11
470734.845 5013589.194999999 0.53
470764.845 5013589.194999999 0.71
470794.845 5013589.194999999 0.73
470824.845 5013589.194999999 1.20
470854.845 5013589.194999999 1.98
470884.845 5013589.194999999 1.36
470909.845 5013589.194999999 1.91
470434.845 5013619.194999999 3.19
470464.845 5013619.194999999 1.53
470494.845 5013619.194999999 26.44
470824.845 5013381.475 5.47
470524.845 5013619.194999999 0.87
470554.845 5013619.194999999 0.34
470584.845 5013619.194999999 0.48
470614.845 5013619.194999999 0.22
470644.845 5013619.194999999 0.57
470674.845 5013619.194999999 0.47
470704.845 5013619.194999999 0.48
470734.845 5013619.194999999 0.81
470764.845 5013619.194999999 1.80
470794.845 5013619.194999999 1.68
470854.845 5013381.635 31.28
470824.845 5013619.194999999 2.32
470854.845 5013619.194999999 1.67
470884.845 5013619.194999999 1.94
470909.845 5013619.194999999 3.47
470434.845 5013649.194999999 11.83
470464.845 5013649.194999999 0.99
470494.845 5013649.194999999 0.84
470524.845 5013649.194999999 0.50
470554.845 5013649.194999999 0.43
470584.845 5013649.194999999 1.19
470884.845 5013381.8149999995 4.75
470614.845 5013649.194999999 0.58
470644.845 5013649.194999999 0.59
470674.845 5013649.194999999 0.30
470704.845 5013649.194999999 3.69
470734.845 5013649.194999999 1.35
470764.845 5013649.194999999 1.53
470794.845 5013649.194999999 1.75
470824.845 5013649.194999999 1.04
470854.845 5013649.194999999 1.21
470884.845 5013649.194999999 1.26
470909.855 5013381.994999999 4.72
470909.845 5013649.194999999 1.48
470434.845 5013679.194999999 17.02
470464.845 5013679.194999999 2.79
470494.845 5013679.194999999 0.36
470524.845 5013679.194999999 0.31
470554.845 5013679.194999999 0.53
470584.845 5013679.194999999 0.38
470614.845 5013679.194999999 0.47
470644.845 5013679.194999999 0.33
470674.845 5013679.194999999 1.24
470434.855 5013409.194999999 1.86
470704.845 5013679.194999999 0.36
470734.845 5013679.194999999 2.78
470764.845 5013679.194999999 1.81
470794.845 5013679.194999999 1.01
470824.845 5013679.194999999 1.46
470854.845 5013679.194999999 1.77
470884.845 5013679.194999999 2.07
470909.83499999996 5013679.194999999 1.08
470434.845 5013709.194999999 3.35
470464.845 5013709.194999999 2.70
470464.845 5013409.194999999 1.34
470494.845 5013709.194999999 0.09
470524.845 5013709.194999999 0.34
470554.845 5013709.194999999 0.29
470584.845 5013709.194999999 0.33
470614.845 5013709.194999999 0.33
470644.845 5013709.194999999 2.15
470674.845 5013709.194999999 0.41
470704.845 5013709.194999999 0.54
470734.845 5013709.194999999 1.94
470764.845 5013709.194999999 1.46
470464.845 5013379.534999999 0.92
470494.845 5013409.194999999 1.10
470794.845 5013709.194999999 0.22
470824.845 5013709.194999999 0.74
470854.845 5013709.194999999 1.14
470884.845 5013709.194999999 9.18
470909.845 5013709.194999999 2.24
470434.845 5013739.194999999 8.62
470464.845 5013739.194999999 4.70
470494.845 5013739.194999999 0.23
470524.83499999996 5013739.194999999 0.05
470554.845 5013739.194999999 0.58
470524.845 5013409.194999999 0.73
470584.845 5013739.194999999 0.38
470614.845 5013739.194999999 0.73
470644.845 5013739.194999999 0.93
470674.845 5013739.194999999 0.85
470704.845 5013739.194999999 0.62
470734.845 5013739.194999999 0.79
470764.845 5013739.194999999 0.92
470794.845 5013739.194999999 140.02
470824.845 5013739.194999999 1.27
470854.845 5013739.194999999 0.35
470554.845 5013409.194999999 0.57
470884.845 5013739.194999999 0.00
470909.845 5013739.194999999 0.20
470434.845 5013769.194999999 12.41
470464.845 5013769.194999999 1.08
470494.845 5013769.194999999 0.26
470524.845 5013769.194999999 2.68
470554.845 5013769.194999999 1.01
470584.845 5013769.194999999 0.26
470614.845 5013769.194999999 4.35
470644.845 5013769.194999999 1.40
470584.845 5013409.194999999 0.62
470674.845 5013769.194999999 0.90
470704.845 5013769.194999999 1.49
470734.845 5013769.194999999 4.29
470764.845 5013769.194999999 1.18
470794.845 5013769.194999999 2.39
470824.845 5013769.194999999 1.45
470854.855 5013769.194999999 0.33
470884.845 5013769.194999999 18.97
470909.845 5013769.194999999 1.08
470434.845 5013799.194999999 14.23
470614.845 5013409.194999999 1.99
470464.845 5013799.194999999 2.85
470494.845 5013799.194999999 0.52
470524.845 5013799.194999999 0.57
470554.845 5013799.194999999 0.75
470584.845 5013799.194999999 0.86
470614.845 5013799.194999999 0.59
470644.845 5013799.194999999 0.90
470674.845 5013799.194999999 0.20
470704.845 5013799.194999999 0.51
470734.845 5013799.194999999 0.51
470644.845 5013409.194999999 1.00
470764.845 5013799.194999999 0.53
470794.845 5013799.194999999 54.58
470824.855 5013799.194999999 2.56
470854.845 5013799.194999999 1.01
470884.845 5013799.194999999 0.46
470909.845 5013799.194999999 0.45
470434.845 5013829.194999999 1.07
470464.845 5013829.194999999 0.38
470494.845 5013829.194999999 0.43
470524.845 5013829.194999999 4.99
470674.855 5013409.194999999 0.94
470554.845 5013829.194999999 0.72
470584.845 5013829.194999999 1.32
470614.845 5013829.194999999 2.04
470644.845 5013829.194999999 0.56
470674.845 5013829.194999999 1.48
470704.845 5013829.194999999 1.09
470734.845 5013829.194999999 0.61
470764.845 5013829.194999999 1.95
470794.845 5013829.194999999 1.34
470824.845 5013829.194999999 2.83
470704.845 5013409.194999999 0.96
470854.845 5013829.194999999 1.07
470884.845 5013829.194999999 10.59
470909.845 5013829.204999999 8.40
470434.845 5013852.234999999 4.18
470464.845 5013852.234999999 1.43
470494.83499999996 5013852.234999999 0.54
470524.845 5013852.234999999 0.27
470554.845 5013852.234999999 1.97
470584.845 5013852.234999999 0.30
470614.845 5013852.234999999 2.45
470734.845 5013409.194999999 1.13
470644.845 5013852.234999999 0.32
470674.845 5013852.234999999 0.66
470704.845 5013852.234999999 1.36
470734.845 5013852.234999999 4.16
470764.855 5013852.234999999 0.49
470794.845 5013852.234999999 2.07
470824.845 5013852.234999999 1.55
470854.845 5013852.234999999 0.75
470884.845 5013852.234999999 1.19
470909.845 5013852.234999999 0.89
470764.845 5013409.194999999 6.81
470494.845 5013379.544999999 1.63
470794.845 5013409.194999999 6.70
470824.845 5013409.194999999 9.19
470854.845 5013409.194999999 5.06
470884.845 5013409.194999999 3.28
470909.845 5013409.194999999 3.18
470434.915 5013439.194999999 1.67
470464.845 5013439.194999999 0.76
470494.845 5013439.194999999 0.87
470524.845 5013439.194999999 0.63
470554.845 5013439.194999999 0.42
470524.845 5013379.694999999 0.59
470584.845 5013439.194999999 0.82
470614.845 5013439.194999999 1.75
470644.845 5013439.194999999 0.69
470674.845 5013439.194999999 1.12
470704.845 5013439.194999999 0.94
470734.845 5013439.194999999 1.60
470764.845 5013439.194999999 2.62
470794.845 5013439.194999999 6.84
470824.845 5013439.194999999 7.49
470854.845 5013439.194999999 3.54
470554.845 5013379.885 1.07
470884.845 5013439.194999999 2.55
470909.845 5013439.194999999 2.75
470434.845 5013469.194999999 2.66
470464.845 5013469.194999999 10.82
470494.845 5013469.194999999 0.28
470524.845 5013469.194999999 0.60
470554.845 5013469.194999999 0.08
470584.845 5013469.194999999 1.00
470614.845 5013469.194999999 1.31
470644.845 5013469.194999999 0.33
470584.845 5013380.055 1.36
470674.845 5013469.194999999 0.64
470704.845 5013469.194999999 0.89
470734.845 5013469.194999999 0.77
470764.845 5013469.194999999 0.36
470794.845 5013469.194999999 1.94
470824.845 5013469.194999999 2.56
470854.845 5013469.194999999 1.53
470884.845 5013469.194999999 3.54
470909.845 5013469.194999999 2.46
470434.845 5013499.194999999 6.60
470614.845 5013380.234999999 1.69
470464.845 5013499.194999999 1.15
470494.845 5013499.194999999 0.68
470524.845 5013499.194999999 0.49
470554.845 5013499.194999999 2.70
470584.845 5013499.194999999 0.23
470614.845 5013499.194999999 0.73
470644.845 5013499.194999999 0.72
470674.845 5013499.194999999 0.12
470704.845 5013499.194999999 0.47
470734.845 5013499.194999999 0.69
470644.845 5013380.404999999 1.50
470764.845 5013499.194999999 0.88
470794.845 5013499.194999999 9.57
470824.845 5013499.194999999 2.18
470854.845 5013499.194999999 1.78
470884.845 5013499.194999999 2.63
470909.845 5013499.194999999 3.20
470434.845 5013529.194999999 1.17
470464.845 5013529.194999999 6.23
470494.845 5013529.194999999 0.58
470524.845 5013529.194999999 0.11
470674.845 5013380.584999999 1.07
470554.845 5013529.194999999 0.29
470584.845 5013529.194999999 0.66
470614.845 5013529.194999999 1.69
470644.845 5013529.194999999 0.87
470674.845 5013529.194999999 1.45
470704.845 5013529.194999999 0.26
470734.845 5013529.194999999 0.98
470764.845 5013529.194999999 0.70
470794.845 5013529.194999999 0.48
470824.845 5013529.194999999 0.37
