469934.85 5016875.28 0.8222
470204.85 5016875.28 0.8219
470354.85 5017025.28 0.8225
470384.85 5017025.28 0.8227
469904.85 5017055.28 0.8259
469934.85 5017055.28 0.823
469964.85 5017055.28 0.8223
469994.85 5017055.28 0.8223
470024.85 5017055.28 0.8226
470054.85 5017055.28 0.8228
470084.85 5017055.28 0.8234
470114.85 5017055.28 0.8232
470234.85 5016875.28 0.822
470144.85 5017055.28 0.8229
470174.85 5017055.28 0.8236
470204.85 5017055.28 0.823
470234.85 5017055.28 0.8228
470264.85 5017055.28 0.8232
470294.85 5017055.28 0.8229
470324.85 5017055.28 0.8229
470354.85 5017055.28 0.8223
470384.85 5017055.28 0.8226
469904.85 5017085.28 0.8264
470264.85 5016875.28 0.822
469934.85 5017085.28 0.823
469964.85 5017085.28 0.8229
469994.85 5017085.28 0.8229
470024.85 5017085.28 0.8226
470054.85 5017085.28 0.823
470084.85 5017085.28 0.8228
470114.85 5017085.28 0.8237
470144.85 5017085.28 0.8228
470174.85 5017085.28 0.823
470204.85 5017085.28 0.8226
470294.85 5016875.28 0.8218
470234.85 5017085.28 0.8239
470264.85 5017085.28 0.8237
470294.85 5017085.28 0.8228
470324.85 5017085.28 0.8231
470354.85 5017085.28 0.8252
470384.85 5017085.28 0.823
469904.85 5017115.28 0.8275
469934.85 5017115.28 0.8228
469964.85 5017115.28 0.8228
469994.85 5017115.28 0.8224
470324.85 5016875.28 0.8225
470024.85 5017115.28 0.8231
470054.85 5017115.28 0.8224
470084.85 5017115.28 0.8229
470114.85 5017115.28 0.8238
470144.85 5017115.28 0.8224
470174.85 5017115.28 0.8228
470204.85 5017115.28 0.8226
470234.85 5017115.28 0.8231
470264.85 5017115.28 0.8233
470294.85 5017115.28 0.8241
470354.85 5016875.28 0.8218
470324.85 5017115.28 0.8243
470354.85 5017115.28 0.824
470384.85 5017115.28 0.8252
469904.85 5017145.28 0.8305
469934.85 5017145.28 0.8226
469964.85 5017145.28 0.8228
469994.85 5017145.28 0.823
470024.85 5017145.28 0.8224
470054.85 5017145.28 0.8234
470084.85 5017145.28 0.8239
470384.85 5016875.28 0.8224
470114.85 5017145.28 0.8235
470144.85 5017145.28 0.8229
470174.85 5017145.28 0.823
470204.85 5017145.28 0.8235
470234.85 5017145.28 0.8237
470264.85 5017145.28 0.8239
470294.85 5017145.28 0.8236
470324.85 5017145.28 0.8232
470354.85 5017145.28 0.8241
470384.85 5017145.28 0.8244
469904.85 5016905.28 0.8256
469904.85 5017175.28 0.8326
469934.85 5017175.28 0.8247
469964.85 5017175.28 0.8232
469994.85 5017175.28 0.8228
470024.85 5017175.28 0.8231
470054.85 5017175.28 0.8227
470084.85 5017175.28 0.8235
470114.85 5017175.28 0.8234
470144.85 5017175.28 0.8236
470174.85 5017175.28 0.8236
469934.85 5016905.28 0.8221
470204.85 5017175.28 0.822
470234.85 5017175.28 0.8228
470264.85 5017175.28 0.8355
470294.85 5017175.28 0.8538
470324.85 5017175.28 0.837
470354.85 5017175.28 0.8408
470384.85 5017175.28 0.8382
469904.85 5017205.28 0.8332
469934.85 5017205.28 0.8242
469964.85 5017205.28 0.825
469964.85 5016905.28 0.8221
469994.85 5017205.28 0.8239
470024.85 5017205.28 0.8234
470054.85 5017205.28 0.8247
470084.85 5017205.28 0.8235
470114.85 5017205.28 0.8238
470144.85 5017205.28 0.8236
470174.85 5017205.28 0.8249
470204.85 5017205.28 0.8246
470234.85 5017205.28 0.8252
470264.85 5017205.28 0.8425
469964.85 5016875.28 0.8221
469994.85 5016905.28 0.8224
470294.85 5017205.28 0.8246
470324.85 5017205.28 0.8233
470354.85 5017205.28 0.8228
470384.85 5017205.28 0.8234
469904.85 5017235.28 0.8299
469934.85 5017235.28 0.8234
469964.85 5017235.28 0.8236
469994.85 5017235.28 0.8227
470024.85 5017235.28 0.8233
470054.85 5017235.28 0.8248
470024.85 5016905.28 0.8223
470084.85 5017235.28 0.8246
470114.85 5017235.28 0.8254
470144.85 5017235.28 0.8242
470174.85 5017235.28 0.8246
470204.85 5017235.28 0.8257
470234.85 5017235.28 0.8271
470264.85 5017235.28 0.8286
470294.85 5017235.28 0.8414
470324.85 5017235.28 0.825
470354.85 5017235.28 0.8233
470054.85 5016905.28 0.822
470384.85 5017235.28 0.8236
469904.85 5017265.28 0.8276
469934.85 5017265.28 0.8235
469964.85 5017265.28 0.8233
469994.85 5017265.28 0.8233
470024.85 5017265.28 0.8234
470054.85 5017265.28 0.8258
470084.85 5017265.28 0.8254
470114.85 5017265.28 0.8245
470144.85 5017265.28 0.8249
470084.85 5016905.28 0.8221
470174.85 5017265.28 0.825
470204.85 5017265.28 0.8259
470234.85 5017265.28 0.8265
470264.85 5017265.28 0.8275
470294.85 5017265.28 0.8449
470324.85 5017265.28 0.8311
470354.85 5017265.28 0.8235
470384.85 5017265.28 0.8234
469904.85 5017295.28 0.8287
469934.85 5017295.28 0.825
470114.85 5016905.28 0.8225
469964.85 5017295.28 0.8237
469994.85 5017295.28 0.8253
470024.85 5017295.28 0.8256
470054.85 5017295.28 0.8353
470084.85 5017295.28 0.8242
470114.85 5017295.28 0.8241
470144.85 5017295.28 0.8246
470174.85 5017295.28 0.8243
470204.85 5017295.28 0.8255
470234.85 5017295.28 0.8262
470144.85 5016905.28 0.8222
470264.85 5017295.28 0.8272
470294.85 5017295.28 0.8286
470324.85 5017295.28 0.8293
470354.85 5017295.28 0.8255
470384.85 5017295.28 0.8261
469904.85 5017325.28 0.8275
469934.85 5017325.28 0.8241
469964.85 5017325.28 0.8327
469994.85 5017325.28 0.8249
470024.85 5017325.28 0.8229
470174.85 5016905.28 0.822
470054.85 5017325.28 0.8237
470084.85 5017325.28 0.8241
470114.85 5017325.28 0.8245
470144.85 5017325.28 0.8222
470174.85 5017325.28 0.8235
470204.85 5017325.28 0.8246
470234.85 5017325.28 0.825
470264.85 5017325.28 0.8272
470294.85 5017325.28 0.8251
470324.85 5017325.28 0.8243
470204.85 5016905.28 0.8217
470354.85 5017325.28 0.8238
470384.85 5017325.28 0.8244
469904.85 5017355.28 0.8312
469934.85 5017355.28 0.8791
469964.85 5017355.28 0.8798
469994.85 5017355.28 0.8793
470024.85 5017355.28 0.8801
470054.85 5017355.28 0.879
470084.85 5017355.28 0.8789
470114.85 5017355.28 0.8795
470234.85 5016905.28 0.8222
470144.85 5017355.28 0.88
470174.85 5017355.28 0.8795
470204.85 5017355.28 0.8805
470234.85 5017355.28 0.8819
470264.85 5017355.28 0.8825
470294.85 5017355.28 0.8804
470324.85 5017355.28 0.8799
470354.85 5017355.28 0.8797
470384.85 5017355.28 0.8805
469904.85 5017385.28 0.8842
470264.85 5016905.28 0.822
469994.85 5016875.28 0.822
470294.85 5016905.28 0.8229
470324.85 5016905.28 0.8219
470354.85 5016905.28 0.8219
470384.85 5016905.28 0.8226
469904.85 5016935.28 0.8259
469934.85 5016935.28 0.8227
469964.85 5016935.28 0.822
469994.85 5016935.28 0.8222
470024.85 5016935.28 0.8222
470054.85 5016935.28 0.8226
470024.85 5016875.28 0.8223
470084.85 5016935.28 0.8224
470114.85 5016935.28 0.8222
470144.85 5016935.28 0.8225
470174.85 5016935.28 0.8226
470204.85 5016935.28 0.8218
470234.85 5016935.28 0.8219
470264.85 5016935.28 0.8225
470294.85 5016935.28 0.8219
470324.85 5016935.28 0.8217
470354.85 5016935.28 0.8218
470054.85 5016875.28 0.8223
470384.85 5016935.28 0.8225
469904.85 5016965.28 0.8259
469934.85 5016965.28 0.8219
469964.85 5016965.28 0.8222
469994.85 5016965.28 0.8223
470024.85 5016965.28 0.8222
470054.85 5016965.28 0.8222
470084.85 5016965.28 0.8221
470114.85 5016965.28 0.8224
470144.85 5016965.28 0.8218
470084.85 5016875.28 0.822
470174.85 5016965.28 0.8219
470204.85 5016965.28 0.8221
470234.85 5016965.28 0.822
470264.85 5016965.28 0.8221
470294.85 5016965.28 0.8229
470324.85 5016965.28 0.8222
470354.85 5016965.28 0.8222
470384.85 5016965.28 0.822
469904.85 5016995.28 0.8264
469934.85 5016995.28 0.8224
470114.85 5016875.28 0.8223
469964.85 5016995.28 0.8222
469994.85 5016995.28 0.8226
470024.85 5016995.28 0.8228
470054.85 5016995.28 0.8223
470084.85 5016995.28 0.8222
470114.85 5016995.28 0.8229
470144.85 5016995.28 0.8226
470174.85 5016995.28 0.822
470204.85 5016995.28 0.8231
470234.85 5016995.28 0.8222
470144.85 5016875.28 0.822
470264.85 5016995.28 0.8227
470294.85 5016995.28 0.8228
470324.85 5016995.28 0.8219
470354.85 5016995.28 0.8225
470384.85 5016995.28 0.8227
469904.85 5017025.28 0.8256
469934.85 5017025.28 0.8233
469964.85 5017025.28 0.8229
469994.85 5017025.28 0.8226
470024.85 5017025.28 0.8225
470174.85 5016875.28 0.822
470054.85 5017025.28 0.8224
470084.85 5017025.28 0.8223
470114.85 5017025.28 0.8221
470144.85 5017025.28 0.823
470174.85 5017025.28 0.8237
470204.85 5017025.28 0.8222
470234.85 5017025.28 0.8229
470264.85 5017025.28 0.8234
470294.85 5017025.28 0.8228
470324.85 5017025.28 0.8232
