469934.845 5016875.275 38.74
470204.845 5016875.275 4.32
470354.845 5017025.275 6.00
470384.845 5017025.275 6.79
470409.845 5017025.275 10.77
469934.845 5017055.275 7.01
469964.845 5017055.275 2.71
469994.845 5017055.275 2.77
470024.845 5017055.275 8.23
470054.845 5017055.275 3.59
470084.845 5017055.275 7.29
470114.845 5017055.275 1.23
470234.845 5016875.275 1.32
470144.845 5017055.275 4.52
470174.845 5017055.275 6.10
470204.845 5017055.275 9.75
470234.845 5017055.275 4.12
470264.845 5017055.275 3.93
470294.845 5017055.275 4.02
470324.845 5017055.265000001 4.35
470354.845 5017055.275 5.02
470384.845 5017055.275 5.11
470409.845 5017055.275 0.98
470264.845 5016875.275 1.09
469934.845 5017085.275 0.89
469964.845 5017085.275 0.78
469994.845 5017085.275 1.13
470024.845 5017085.275 3.99
470054.845 5017085.275 65.32
470084.845 5017085.275 3.49
470114.845 5017085.275 2.39
470144.845 5017085.275 19.49
470174.845 5017085.275 4.36
470204.845 5017085.275 3.70
470294.845 5016875.275 2.99
470234.845 5017085.275 11.98
470264.845 5017085.275 5.10
470294.845 5017085.275 1.49
470324.845 5017085.275 14.95
470354.845 5017085.275 10.18
470384.845 5017085.275 4.50
470409.845 5017085.275 8.97
469934.845 5017115.275 0.95
469964.845 5017115.275 0.68
469994.845 5017115.275 2.26
470324.845 5016875.275 3.07
470024.845 5017115.275 11.57
470054.845 5017115.275 716.11
470084.845 5017115.275 3.33
470114.845 5017115.275 0.60
470144.845 5017115.275 4.37
470174.845 5017115.275 7.12
470204.845 5017115.275 4.31
470234.845 5017115.275 28.64
470264.845 5017115.275 13.58
470294.845 5017115.275 10.32
470354.845 5016875.275 1.87
470324.845 5017115.275 1.92
470354.845 5017115.275 2.35
470384.845 5017115.275 3.09
470409.845 5017115.275 32.45
469934.845 5017145.275 2.68
469964.845 5017145.275 0.54
469994.845 5017145.275 2.78
470024.845 5017145.275 1.56
470054.845 5017145.275 20.26
470084.845 5017145.275 2.66
470384.845 5016875.275 2.46
470114.845 5017145.275 1.59
470144.845 5017145.275 94.96
470174.845 5017145.265000001 2.18
470204.845 5017145.275 4.03
470234.845 5017145.275 1.66
470264.845 5017145.275 2.06
470294.83499999996 5017145.275 0.76
470324.845 5017145.275 1.41
470354.845 5017145.275 2.17
470384.845 5017145.275 5.29
470409.845 5016875.275 6.35
470409.845 5017145.275 8.42
469934.845 5017175.275 10.75
469964.855 5017175.275 17.04
469994.845 5017175.275 13.77
470024.845 5017175.275 14.20
470054.845 5017175.275 13.07
470084.845 5017175.275 14.91
470114.845 5017175.275 2.15
470144.845 5017175.275 1.93
470174.845 5017175.275 2.54
469934.845 5016905.275 16.97
470204.845 5017175.275 6.41
470234.845 5017175.275 2.64
470264.845 5017175.285 1.45
470294.83499999996 5017175.275 2.13
470324.855 5017175.275 1.20
470354.845 5017175.275 2.40
470384.845 5017175.275 3.40
470409.845 5017175.265000001 2.34
469934.845 5017205.275 11.19
469964.845 5017205.275 4.14
469964.845 5016905.275 28.38
469994.845 5017205.275 6.24
470024.845 5017205.275 7.30
470054.845 5017205.275 5.01
470084.845 5017205.275 8.80
470114.845 5017205.265000001 11.38
470144.845 5017205.275 3.99
470174.845 5017205.275 4.21
470204.845 5017205.265000001 2.86
470234.845 5017205.275 4.53
470264.845 5017205.275 5.09
469964.845 5016875.275 17.78
469994.845 5016905.275 8.80
470294.845 5017205.275 3.64
470324.845 5017205.275 3.73
470354.845 5017205.275 7.05
470384.845 5017205.265000001 6.15
470409.845 5017205.275 8.95
469934.845 5017235.275 5.15
469964.845 5017235.275 5.48
469994.845 5017235.275 12.96
470024.845 5017235.275 10.30
470054.845 5017235.275 6.41
470024.845 5016905.275 8.29
470084.845 5017235.275 7.08
470114.845 5017235.285 2.99
470144.845 5017235.275 2.50
470174.845 5017235.275 2.70
470204.845 5017235.275 6.10
470234.845 5017235.275 8.91
470264.845 5017235.275 3.87
470294.845 5017235.265000001 0.97
470324.845 5017235.275 5.26
470354.845 5017235.275 5.49
470054.845 5016905.275 10.33
470384.845 5017235.275 1.60
470409.845 5017235.275 13.91
469934.83499999996 5017265.275 3.06
469964.845 5017265.275 3.06
469994.845 5017265.275 4.77
470024.845 5017265.275 6.64
470054.845 5017265.275 5.23
470084.83499999996 5017265.275 5.36
470114.845 5017265.275 0.43
470144.845 5017265.275 1.75
470084.845 5016905.275 3.77
470174.845 5017265.275 2.97
470204.845 5017265.265000001 4.59
470234.845 5017265.275 4.53
470264.845 5017265.275 2.53
470294.845 5017265.275 0.83
470324.845 5017265.275 2.53
470354.845 5017265.275 2.34
470384.845 5017265.275 12.25
470409.845 5017265.275 8.08
469934.845 5017295.275 3.06
470114.845 5016905.275 2.39
469964.845 5017295.275 5.17
469994.845 5017295.275 4.64
470024.845 5017295.275 6.55
470054.855 5017295.275 23.62
470084.845 5017295.275 2.09
470114.845 5017295.275 3.28
470144.845 5017295.275 1.21
470174.83499999996 5017295.275 9.58
470204.845 5017295.275 8.83
470234.845 5017295.275 4.41
470144.845 5016905.275 3.81
470264.845 5017295.265000001 5.24
470294.845 5017295.275 0.10
470324.845 5017295.275 3.27
470354.845 5017295.275 1.22
470384.845 5017295.275 2.32
470409.845 5017295.285 7.33
469934.845 5017325.275 2.75
469964.845 5017325.275 3.77
469994.845 5017325.275 20.03
470024.855 5017325.275 21.81
470174.845 5016905.275 1.67
470054.845 5017325.275 23.78
470084.845 5017325.275 96.80
470114.845 5017325.275 1.51
470144.845 5017325.275 5.73
470174.845 5017325.275 1.57
470204.845 5017325.275 2.37
470234.845 5017325.275 8.44
470264.845 5017325.275 3.81
470294.845 5017325.275 0.55
470324.845 5017325.275 5.03
470204.845 5016905.275 29.11
470354.83499999996 5017325.275 2.58
470384.845 5017325.275 1.27
470409.845 5017325.285 9.83
469934.845 5017350.275 24.61
469964.845 5017350.275 27.43
469994.845 5017350.275 13.67
470024.845 5017350.275 41.16
470054.845 5017350.275 12.72
470084.845 5017350.275 7.50
470114.845 5017350.275 3.13
470234.845 5016905.275 3.57
470144.845 5017350.275 4.16
470174.845 5017350.275 3.66
470204.83499999996 5017350.275 1.35
470234.845 5017350.275 2.86
470264.845 5017350.275 4.70
470294.845 5017350.275 0.96
470324.83499999996 5017350.275 6.05
470354.845 5017350.275 6.50
470384.845 5017350.275 4.58
470409.855 5017350.275 0.74
470264.845 5016905.275 10.89
469994.845 5016875.275 10.17
470294.845 5016905.275 2.58
470324.845 5016905.275 0.93
470354.845 5016905.275 14.52
470384.845 5016905.275 2.01
470409.845 5016905.275 11.19
469934.845 5016935.275 48.88
469964.845 5016935.275 6.05
469994.845 5016935.275 12.43
470024.845 5016935.275 5.77
470054.845 5016935.275 5.44
470024.845 5016875.275 21.99
470084.845 5016935.275 3.62
470114.845 5016935.275 1.38
470144.845 5016935.275 1.88
470174.845 5016935.275 2.51
470204.845 5016935.275 2.82
470234.845 5016935.275 4.95
470264.845 5016935.275 2.79
470294.845 5016935.275 2.21
470324.845 5016935.275 1.21
470354.855 5016935.275 15.31
470054.845 5016875.275 5.45
470384.845 5016935.275 44.27
470409.845 5016935.275 60.51
469934.845 5016965.275 29.77
469964.845 5016965.275 14.41
469994.845 5016965.275 15.11
470024.845 5016965.275 16.12
470054.845 5016965.275 10.66
470084.845 5016965.275 6.79
470114.845 5016965.275 0.82
470144.845 5016965.275 1.08
470084.845 5016875.275 5.06
470174.845 5016965.275 1.19
470204.845 5016965.275 3.51
470234.845 5016965.275 2.69
470264.845 5016965.275 4.00
470294.845 5016965.275 2.94
470324.845 5016965.275 7.30
470354.845 5016965.275 14.74
470384.845 5016965.275 2.13
470409.845 5016965.275 0.86
469934.845 5016995.275 15.24
470114.845 5016875.275 0.91
469964.845 5016995.275 17.77
469994.845 5016995.275 12.85
470024.845 5016995.275 11.96
470054.845 5016995.275 15.72
470084.845 5016995.275 6.52
470114.845 5016995.275 1.17
470144.845 5016995.275 2.40
470174.845 5016995.275 4.09
470204.845 5016995.275 1.38
470234.845 5016995.275 3.39
470144.845 5016875.275 4.50
470264.845 5016995.275 3.75
470294.845 5016995.275 8.38
470324.845 5016995.275 3.53
470354.845 5016995.275 5.47
470384.845 5016995.275 2.56
470409.845 5016995.275 2.11
469934.845 5017025.275 10.46
469964.845 5017025.275 18.49
469994.845 5017025.275 8.05
470024.845 5017025.275 3.79
470174.845 5016875.275 2.13
470054.845 5017025.275 10.61
470084.845 5017025.275 8.97
470114.845 5017025.275 3.02
470144.845 5017025.275 2.36
470174.845 5017025.275 2.40
470204.845 5017025.275 1.83
470234.845 5017025.275 6.98
470264.83499999996 5017025.275 3.44
470294.845 5017025.275 2.37
470324.845 5017025.275 3.38
