469204.85 5016375.28 0.8281
469354.85 5016525.28 0.8217
469384.85 5016525.28 0.8217
468904.85 5016555.28 0.825
468934.85 5016555.28 0.9346
468964.85 5016555.28 0.9333
468994.85 5016555.28 0.9322
469024.85 5016555.28 0.9305
469054.85 5016555.28 0.9291
469084.85 5016555.28 0.9274
469114.85 5016555.28 0.9263
469234.85 5016375.28 0.8218
469144.85 5016555.28 0.9254
469174.85 5016555.28 0.9237
469204.85 5016555.28 0.828
469234.85 5016555.28 0.8217
469264.85 5016555.28 0.8218
469294.85 5016555.28 0.8217
469324.85 5016555.28 0.8217
469354.85 5016555.28 0.8218
469384.85 5016555.28 0.8236
468904.85 5016585.28 0.825
469264.85 5016375.28 0.8217
468934.85 5016585.28 0.8217
468964.85 5016585.28 0.8217
468994.85 5016585.28 0.8218
469024.85 5016585.28 0.8218
469054.85 5016585.28 0.8217
469084.85 5016585.28 0.8217
469114.85 5016585.28 0.8217
469144.85 5016585.28 0.8217
469174.85 5016585.28 0.8217
469204.85 5016585.28 0.8218
469294.85 5016375.28 0.822
469234.85 5016585.28 0.8218
469264.85 5016585.28 0.8221
469294.85 5016585.28 0.8217
469324.85 5016585.28 0.8217
469354.85 5016585.28 0.8217
469384.85 5016585.28 0.8218
468904.85 5016615.28 0.8262
468934.85 5016615.28 0.8221
468964.85 5016615.28 0.8217
468994.85 5016615.28 0.822
469324.85 5016375.28 0.8219
469024.85 5016615.28 0.8218
469054.85 5016615.28 0.8219
469084.85 5016615.28 0.8218
469114.85 5016615.28 0.8218
469144.85 5016615.28 0.8218
469174.85 5016615.28 0.8217
469204.85 5016615.28 0.8219
469234.85 5016615.28 0.8218
469264.85 5016615.28 0.8218
469294.85 5016615.28 0.8218
469354.85 5016375.28 0.8217
469324.85 5016615.28 0.8217
469354.85 5016615.28 0.8217
469384.85 5016615.28 0.8217
468904.85 5016645.28 0.8252
468934.85 5016645.28 0.8219
468964.85 5016645.28 0.8219
468994.85 5016645.28 0.8217
469024.85 5016645.28 0.8217
469054.85 5016645.28 0.822
469084.85 5016645.28 0.8217
469384.85 5016375.28 0.8219
469114.85 5016645.28 0.8218
469144.85 5016645.28 0.8218
469174.85 5016645.28 0.822
469204.85 5016645.28 0.8223
469234.85 5016645.28 0.8219
469264.85 5016645.28 0.8219
469294.85 5016645.28 0.8221
469324.85 5016645.28 0.8223
469354.85 5016645.28 0.8217
469384.85 5016645.28 0.8218
468904.85 5016405.28 0.825
468904.85 5016675.28 0.8252
468934.85 5016675.28 0.8219
468964.85 5016675.28 0.8219
468994.85 5016675.28 0.8219
469024.85 5016675.28 0.8219
469054.85 5016675.28 0.8218
469084.85 5016675.28 0.8218
469114.85 5016675.28 0.8218
469144.85 5016675.28 0.822
469174.85 5016675.28 0.8218
469204.85 5016675.28 0.8218
469234.85 5016675.28 0.8219
469264.85 5016675.28 0.8218
469294.85 5016675.28 0.8218
469324.85 5016675.28 0.8219
469354.85 5016675.28 0.8218
469384.85 5016675.28 0.8217
468904.85 5016705.28 0.8263
468934.85 5016705.28 0.8229
468964.85 5016705.28 0.8219
468994.85 5016705.28 0.8218
469024.85 5016705.28 0.8218
469054.85 5016705.28 0.8221
469084.85 5016705.28 0.8219
469114.85 5016705.28 0.8217
469144.85 5016705.28 0.8218
469174.85 5016705.28 0.8219
469204.85 5016705.28 0.8219
469234.85 5016705.28 0.8219
469264.85 5016705.28 0.8218
469294.85 5016705.28 0.8219
469324.85 5016705.28 0.8218
469354.85 5016705.28 0.8222
469384.85 5016705.28 0.8223
468904.85 5016735.28 0.8252
468934.85 5016735.28 0.822
468964.85 5016735.28 0.8218
468994.85 5016735.28 0.8217
469024.85 5016735.28 0.8217
469054.85 5016735.28 0.8218
469084.85 5016735.28 0.8218
469114.85 5016735.28 0.8217
469144.85 5016735.28 0.8217
469174.85 5016735.28 0.8219
469204.85 5016735.28 0.8219
469234.85 5016735.28 0.8217
469264.85 5016735.28 0.8217
469294.85 5016735.28 0.8217
469324.85 5016735.28 0.8217
469354.85 5016735.28 0.8219
469384.85 5016735.28 0.822
468904.85 5016765.28 0.8252
468934.85 5016765.28 0.8229
468964.85 5016765.28 0.822
468994.85 5016765.28 0.8217
469024.85 5016765.28 0.8217
469054.85 5016765.28 0.8217
469084.85 5016765.28 0.8217
469114.85 5016765.28 0.8217
469144.85 5016765.28 0.822
469174.85 5016765.28 0.8221
469204.85 5016765.28 0.8217
469234.85 5016765.28 0.8218
469264.85 5016765.28 0.8219
469294.85 5016765.28 0.8217
469324.85 5016765.28 0.8217
469354.85 5016765.28 0.8218
469384.85 5016765.28 0.8218
468904.85 5016795.28 0.8251
468934.85 5016795.28 0.8258
468964.85 5016795.28 0.8218
468994.85 5016795.28 0.822
469024.85 5016795.28 0.8218
469054.85 5016795.28 0.8218
469084.85 5016795.28 0.8218
469114.85 5016795.28 0.8219
469144.85 5016795.28 0.8219
469174.85 5016795.28 0.8221
469204.85 5016795.28 0.8218
469234.85 5016795.28 0.8219
469264.85 5016795.28 0.8217
469294.85 5016795.28 0.8217
469324.85 5016795.28 0.8218
469354.85 5016795.28 0.8218
469384.85 5016795.28 0.8218
468904.85 5016825.28 0.825
468934.85 5016825.28 0.8236
468964.85 5016825.28 0.8225
468994.85 5016825.28 0.8223
469024.85 5016825.28 0.8221
469054.85 5016825.28 0.8221
469084.85 5016825.28 0.8227
469114.85 5016825.28 0.8224
469144.85 5016825.28 0.8221
469174.85 5016825.28 0.8219
469204.85 5016825.28 0.822
469234.85 5016825.28 0.8219
469264.85 5016825.28 0.8217
469294.85 5016825.28 0.8217
469324.85 5016825.28 0.8217
469204.85 5016405.28 0.828
469354.85 5016825.28 0.8217
469384.85 5016825.28 0.8218
468904.85 5016855.28 0.8252
468934.85 5016855.28 0.88
468964.85 5016855.28 0.8791
468994.85 5016855.28 0.8788
469024.85 5016855.28 0.8785
469054.85 5016855.28 0.8786
469084.85 5016855.28 0.8785
469114.85 5016855.28 0.8789
469234.85 5016405.28 0.8218
469144.85 5016855.28 0.879
469174.85 5016855.28 0.8788
469204.85 5016855.28 0.8786
469234.85 5016855.28 0.8781
469264.85 5016855.28 0.8786
469294.85 5016855.28 0.878
469324.85 5016855.28 0.8781
469354.85 5016855.28 0.8782
469384.85 5016855.28 0.8781
468904.85 5016885.28 0.8817
469264.85 5016405.28 0.8217
469294.85 5016405.28 0.8217
469324.85 5016405.28 0.8221
469354.85 5016405.28 0.8217
469384.85 5016405.28 0.822
468904.85 5016435.28 0.8251
469204.85 5016435.28 0.8641
469234.85 5016435.28 0.8219
469264.85 5016435.28 0.8217
469294.85 5016435.28 0.8219
469324.85 5016435.28 0.8217
469354.85 5016435.28 0.8217
469384.85 5016435.28 0.8217
468904.85 5016465.28 0.8252
469204.85 5016465.28 0.8281
469234.85 5016465.28 0.8217
469264.85 5016465.28 0.8218
469294.85 5016465.28 0.8218
469324.85 5016465.28 0.8218
469354.85 5016465.28 0.8218
469384.85 5016465.28 0.8217
468904.85 5016495.28 0.825
469204.85 5016495.28 0.8283
469234.85 5016495.28 0.8218
469264.85 5016495.28 0.8218
469294.85 5016495.28 0.8217
469324.85 5016495.28 0.8217
469354.85 5016495.28 0.8217
469384.85 5016495.28 0.8217
468904.85 5016525.28 0.8252
469204.85 5016525.28 0.8282
469234.85 5016525.28 0.8218
469264.85 5016525.28 0.8218
469294.85 5016525.28 0.8217
469324.85 5016525.28 0.8217
