469214.36 5016375.275 1.96
469354.83999999997 5016525.275 2.53
469384.83999999997 5016525.275 4.27
469409.83999999997 5016525.275 1.80
468934.83999999997 5016565.1850000005 1.70
468994.83999999997 5016564.945 31.14
469024.83999999997 5016564.815 15.33
469054.83999999997 5016564.705 19.44
469084.83999999997 5016564.585 4.56
469114.85 5016564.465000001 5.89
469234.83999999997 5016375.275 2.70
469144.83999999997 5016564.345000001 2.85
469174.83999999997 5016564.235 1.00
469204.85 5016555.275 0.75
469234.83999999997 5016555.275 0.91
469264.83999999997 5016555.275 2.48
469294.85 5016555.275 0.44
469324.83999999997 5016555.275 1.33
469354.83999999997 5016555.275 2.36
469384.83999999997 5016555.275 1.18
469409.83999999997 5016555.275 16.93
469264.83999999997 5016375.275 5.05
468934.83999999997 5016585.275 0.90
468964.83999999997 5016585.275 2.89
468994.83999999997 5016585.275 34.77
469024.83999999997 5016585.275 48.65
469054.83999999997 5016585.275 2.60
469084.83999999997 5016585.275 5.50
469114.85 5016585.275 9.67
469144.83999999997 5016585.275 3.38
469174.83999999997 5016585.275 3.90
469204.85 5016585.275 3.27
469294.85 5016375.275 1.62
469234.83999999997 5016585.275 8.07
469264.83999999997 5016585.275 2.39
469294.85 5016585.275 1.63
469324.83999999997 5016585.275 7.59
469354.83999999997 5016585.275 1.26
469384.83999999997 5016585.275 2.31
469409.85 5016585.275 4.29
468934.83999999997 5016615.275 6.40
468964.83999999997 5016615.275 14.83
468994.83999999997 5016615.275 10.44
469324.83999999997 5016375.275 4.19
469024.83999999997 5016615.275 33.21
469054.83999999997 5016615.275 18.21
469084.83999999997 5016615.275 79.86
469114.85 5016615.275 5.90
469144.83999999997 5016615.275 7.97
469174.83999999997 5016615.275 3.80
469204.85 5016615.275 23.37
469234.83999999997 5016615.275 54.49
469264.83999999997 5016615.275 5.08
469294.85 5016615.275 1.02
469354.83999999997 5016375.275 2.20
469324.83999999997 5016615.275 1.81
469354.83999999997 5016615.275 2.39
469384.83999999997 5016615.275 2.69
469409.83999999997 5016615.275 2.89
468934.83999999997 5016645.275 2.26
468964.83999999997 5016645.275 1.44
468994.83999999997 5016645.275 2.80
469024.83999999997 5016645.275 4.54
469054.83999999997 5016645.275 10.24
469084.83999999997 5016645.275 5.15
469384.83999999997 5016375.275 1.80
469114.85 5016645.275 3.49
469144.83999999997 5016645.275 6.24
469174.83999999997 5016645.275 13.60
469204.85 5016645.275 2.98
469234.83999999997 5016645.275 3.77
469264.83999999997 5016645.275 1.62
469294.85 5016645.275 3.21
469324.83999999997 5016645.275 2.29
469354.83999999997 5016645.275 2.09
469384.83999999997 5016645.275 2.70
469409.85 5016375.275 4.97
469409.85 5016645.275 5.10
468934.83999999997 5016675.275 1.25
468964.83999999997 5016675.275 0.83
468994.83999999997 5016675.275 0.80
469024.83999999997 5016675.275 4.34
469054.83999999997 5016675.275 2.89
469084.83999999997 5016675.275 3.40
469114.85 5016675.275 7.37
469144.83999999997 5016675.275 6.91
469174.83999999997 5016675.275 3.21
469204.85 5016675.275 15.62
469234.83999999997 5016675.275 7.07
469264.83999999997 5016675.275 3.07
469294.85 5016675.275 23.15
469324.83999999997 5016675.275 5.18
469354.83999999997 5016675.275 5.49
469384.83999999997 5016675.275 1.08
469409.85 5016675.275 1.54
468934.83999999997 5016705.275 1.51
468964.83999999997 5016705.275 0.72
468994.83999999997 5016705.275 0.91
469024.83999999997 5016705.275 1.59
469054.83999999997 5016705.275 1.70
469084.83999999997 5016705.275 1.41
469114.85 5016705.275 2.83
469144.83999999997 5016705.275 5.55
469174.83999999997 5016705.275 19.66
469204.85 5016705.275 7.73
469234.83999999997 5016705.275 18.88
469264.83999999997 5016705.275 8.83
469294.85 5016705.275 24.30
469324.83999999997 5016705.275 3.22
469354.83999999997 5016705.275 15.38
469384.83999999997 5016705.275 2.79
469409.85 5016705.275 2.18
468934.83999999997 5016735.275 0.76
468964.83999999997 5016735.275 1.00
468994.83999999997 5016735.275 0.98
469024.83999999997 5016735.275 0.96
469054.83999999997 5016735.275 2.23
469084.83999999997 5016735.275 2.26
469114.85 5016735.275 6.18
469144.83999999997 5016735.275 4.46
469174.83999999997 5016735.275 19.52
469204.85 5016735.275 5.65
469234.83999999997 5016735.275 23.83
469264.83999999997 5016735.275 95.10
469294.85 5016735.275 10.68
469324.83999999997 5016735.275 1.62
469354.83999999997 5016735.275 18.07
469384.83999999997 5016735.275 8.82
469409.85 5016735.275 5.40
468934.83999999997 5016765.275 2.51
468964.83999999997 5016765.275 1.09
468994.83999999997 5016765.275 1.04
469024.83999999997 5016765.275 1.61
469054.83999999997 5016765.275 3.13
469084.83999999997 5016765.275 3.35
469114.85 5016765.275 5.02
469144.83999999997 5016765.275 4.51
469174.83999999997 5016765.275 10.19
469204.85 5016765.275 16.76
469234.83999999997 5016765.275 7.74
469264.83999999997 5016765.275 28.62
469294.85 5016765.275 4.07
469324.83999999997 5016765.275 4.92
469354.83999999997 5016765.275 22.01
469384.83999999997 5016765.275 4.14
469409.83999999997 5016765.275 3.47
468934.85 5016795.275 1.01
468964.83999999997 5016795.275 2.24
468994.83999999997 5016795.275 0.97
469024.83999999997 5016795.275 1.74
469054.83999999997 5016795.275 3.16
469084.83999999997 5016795.275 6.33
469114.85 5016795.275 7.87
469144.83999999997 5016795.275 4.53
469174.83999999997 5016795.275 5.05
469204.85 5016795.275 12.22
469234.83999999997 5016795.275 13.34
469264.83999999997 5016795.275 34.85
469294.85 5016795.275 3.56
469324.83999999997 5016795.275 13.33
469354.83999999997 5016795.275 20.10
469384.83999999997 5016795.275 30.72
469409.83999999997 5016795.275 13.33
468934.85 5016825.275 1.69
468964.83999999997 5016825.275 0.83
468994.83999999997 5016825.275 0.68
469024.83999999997 5016825.275 0.39
469054.83999999997 5016825.275 2.94
469084.83999999997 5016825.275 4.23
469114.85 5016825.275 4.05
469144.83999999997 5016825.275 3.41
469174.83999999997 5016825.275 6.30
469204.85 5016825.275 3.48
469234.83999999997 5016825.275 8.07
469264.83999999997 5016825.275 4.34
469294.85 5016825.275 2.60
469324.83999999997 5016825.275 59.71
469214.37 5016405.275 2.18
469354.83999999997 5016825.275 16.29
469384.83999999997 5016825.275 19.64
469409.83999999997 5016825.275 24.86
468934.87 5016850.275 1.72
468964.83999999997 5016850.275 2.20
468994.83999999997 5016850.275 2.20
469024.83999999997 5016850.275 29.16
469054.83999999997 5016850.275 4.24
469084.83999999997 5016850.275 5.31
469114.85 5016850.275 2.76
469234.83999999997 5016405.275 9.07
469144.83999999997 5016850.275 4.55
469174.83999999997 5016850.275 9.40
469204.85 5016850.275 1.20
469234.83999999997 5016850.275 0.60
469264.83999999997 5016850.275 1.11
469294.85 5016850.275 4.86
469324.83999999997 5016850.275 25.94
469354.83999999997 5016850.275 14.60
469384.83999999997 5016850.275 16.31
469409.83999999997 5016850.275 76.15
469264.83999999997 5016405.275 7.34
469294.85 5016405.275 2.23
469324.83999999997 5016405.275 2.41
469354.83999999997 5016405.275 3.70
469384.83999999997 5016405.275 1.67
469409.83999999997 5016405.275 2.61
469214.38999999996 5016435.275 3.56
469234.83999999997 5016435.275 2.79
469264.83999999997 5016435.275 2.43
469294.85 5016435.275 2.03
469324.83999999997 5016435.275 12.99
469354.83999999997 5016435.275 0.59
469384.83999999997 5016435.275 2.52
469409.85 5016435.275 2.23
469214.39999999997 5016465.275 1.68
469234.83999999997 5016465.275 3.12
469264.83999999997 5016465.275 1.39
469294.85 5016465.275 0.75
469324.83999999997 5016465.275 0.42
469354.83999999997 5016465.275 0.79
469384.83999999997 5016465.275 0.75
469409.85 5016465.275 0.62
469214.42 5016495.275 11.17
469234.83999999997 5016495.275 1.94
469264.83999999997 5016495.275 0.77
469294.85 5016495.275 0.83
469324.83999999997 5016495.275 1.75
469354.83999999997 5016495.275 1.77
469384.83999999997 5016495.275 1.73
469409.85 5016495.275 1.35
469214.43 5016525.275 3.41
469234.83999999997 5016525.275 5.68
469264.83999999997 5016525.275 0.94
469294.85 5016525.275 0.55
469324.83999999997 5016525.275 1.68
