468927.03 5017265.51 0.6995
468957.03 5017265.51 0.7675
468987.03 5017265.51 0.7857
469017.03 5017265.51 0.778
469047.03 5017265.51 0.7394
469077.03 5017265.51 0.7071
469107.03 5017265.51 0.6945
469137.03 5017265.51 0.6981
469167.03 5017265.51 0.6864
469197.03 5017265.51 0.6829
469227.03 5017265.51 0.6882
469257.03 5017265.51 0.6948
469287.03 5017265.51 0.6857
469317.03 5017265.51 0.6829
469347.03 5017265.51 0.6807
469377.03 5017265.51 0.6859
469407.03 5017265.51 0.6792
469437.03 5017265.51 0.6804
469467.03 5017265.51 0.6731
469497.03 5017265.51 0.6891
469527.03 5017265.51 0.6871
469557.03 5017265.51 0.7052
469587.03 5017265.51 0.8113
468627.03 5017295.51 0.8668
468657.03 5017295.51 0.7237
468687.03 5017295.51 0.7022
468717.03 5017295.51 0.6966
468747.03 5017295.51 0.6762
468777.03 5017295.51 0.6783
468807.03 5017295.51 0.6856
468837.03 5017295.51 0.6874
468867.03 5017295.51 0.6809
468897.03 5017295.51 0.7104
468927.03 5017295.51 0.6937
468957.03 5017295.51 0.7564
468987.03 5017295.51 0.7571
469017.03 5017295.51 0.7479
469047.03 5017295.51 0.7367
469077.03 5017295.51 0.7024
469107.03 5017295.51 0.6916
469137.03 5017295.51 0.6958
469167.03 5017295.51 0.6889
469197.03 5017295.51 0.6849
469227.03 5017295.51 0.6868
469257.03 5017295.51 0.694
469287.03 5017295.51 0.6873
469317.03 5017295.51 0.6803
469347.03 5017295.51 0.6797
469377.03 5017295.51 0.6915
469407.03 5017295.51 0.682
469437.03 5017295.51 0.6819
469467.03 5017295.51 0.6786
469497.03 5017295.51 0.6696
469527.03 5017295.51 0.7117
469557.03 5017295.51 0.7489
469587.03 5017295.51 0.7868
468627.03 5017325.51 0.9244
468657.03 5017325.51 0.7656
468687.03 5017325.51 0.7355
468717.03 5017325.51 0.7439
468747.03 5017325.51 0.7453
468777.03 5017325.51 0.7534
468807.03 5017325.51 0.7738
468837.03 5017325.51 0.7534
468867.03 5017325.51 0.7009
468897.03 5017325.51 0.7727
468927.03 5017325.51 0.7907
468957.03 5017325.51 0.832
468987.03 5017325.51 0.8101
469017.03 5017325.51 0.8361
469047.03 5017325.51 0.8134
469077.03 5017325.51 0.7847
469107.03 5017325.51 0.8076
469137.03 5017325.51 0.8321
469167.03 5017325.51 0.82
469197.03 5017325.51 0.7923
469227.03 5017325.51 0.7545
469257.03 5017325.51 0.7626
469287.03 5017325.51 0.7188
469317.03 5017325.51 0.7138
469347.03 5017325.51 0.7039
469377.03 5017325.51 0.724
469407.03 5017325.51 0.7296
469437.03 5017325.51 0.7256
469467.03 5017325.51 0.7345
469497.03 5017325.51 0.6864
469527.03 5017325.51 0.7521
469557.03 5017325.51 0.8049
469587.03 5017325.51 0.9223
468627.03 5017355.51 0.9711
468657.03 5017355.51 0.7012
468687.03 5017355.51 0.6867
468717.03 5017355.51 0.6812
468747.03 5017355.51 0.6797
468777.03 5017355.51 0.6775
468807.03 5017355.51 0.6814
468837.03 5017355.51 0.6968
468867.03 5017355.51 0.6843
468897.03 5017355.51 0.7048
468927.03 5017355.51 0.7081
468957.03 5017355.51 0.7164
468987.03 5017355.51 0.7512
469017.03 5017355.51 0.7012
469047.03 5017355.51 0.7045
469077.03 5017355.51 0.7048
469107.03 5017355.51 0.6997
469137.03 5017355.51 0.7079
469167.03 5017355.51 0.7076
469197.03 5017355.51 0.7123
469227.03 5017355.51 0.7153
469257.03 5017355.51 0.7078
469287.03 5017355.51 0.6875
469317.03 5017355.51 0.6894
469347.03 5017355.51 0.6773
469377.03 5017355.51 0.6813
469407.03 5017355.51 0.705
469437.03 5017355.51 0.6962
469467.03 5017355.51 0.6894
469497.03 5017355.51 0.6695
469527.03 5017355.51 0.7025
469557.03 5017355.51 0.9268
469587.03 5017355.51 0.9908
468627.03 5017385.51 0.9964
468657.03 5017385.51 0.7021
468687.03 5017385.51 0.6927
468717.03 5017385.51 0.6797
468747.03 5017385.51 0.6843
468777.03 5017385.51 0.6804
468807.03 5017385.51 0.6831
468837.03 5017385.51 0.6841
468867.03 5017385.51 0.6684
468897.03 5017385.51 0.672
468927.03 5017385.51 0.6796
468957.03 5017385.51 0.6953
468987.03 5017385.51 0.682
469017.03 5017385.51 0.6757
469047.03 5017385.51 0.6778
469077.03 5017385.51 0.6792
469107.03 5017385.51 0.675
469137.03 5017385.51 0.691
469167.03 5017385.51 0.7206
469197.03 5017385.51 0.7577
469227.03 5017385.51 0.7081
469257.03 5017385.51 0.6974
469287.03 5017385.51 0.6817
469317.03 5017385.51 0.6793
469347.03 5017385.51 0.6755
469377.03 5017385.51 0.7081
469407.03 5017385.51 0.7149
469437.03 5017385.51 0.7135
469467.03 5017385.51 0.7142
469497.03 5017385.51 0.6778
469527.03 5017385.51 0.6999
469557.03 5017385.51 0.7648
469587.03 5017385.51 0.914
468627.03 5017415.51 0.9712
468657.03 5017415.51 0.7068
468687.03 5017415.51 0.6966
468717.03 5017415.51 0.6847
468747.03 5017415.51 0.6796
468777.03 5017415.51 0.6829
468807.03 5017415.51 0.6824
468837.03 5017415.51 0.6863
468867.03 5017415.51 0.6742
468897.03 5017415.51 0.675
468927.03 5017415.51 0.6778
468957.03 5017415.51 0.6958
468987.03 5017415.51 0.682
469017.03 5017415.51 0.6747
469047.03 5017415.51 0.6752
469077.03 5017415.51 0.6716
469107.03 5017415.51 0.6804
469137.03 5017415.51 0.6841
469167.03 5017415.51 0.7253
469197.03 5017415.51 0.7455
469227.03 5017415.51 0.7091
469257.03 5017415.51 0.7016
469287.03 5017415.51 0.6834
469317.03 5017415.51 0.6834
469347.03 5017415.51 0.6957
469197.03 5016455.51 0.9337
469377.03 5017415.51 0.7027
469407.03 5017415.51 0.7682
469437.03 5017415.51 0.715
469467.03 5017415.51 0.6945
469497.03 5017415.51 0.6795
469527.03 5017415.51 0.7027
469557.03 5017415.51 0.7286
469587.03 5017415.51 0.7268
468627.03 5017445.51 0.9123
468657.03 5017445.51 0.7066
469227.03 5016455.51 0.6851
468687.03 5017445.51 0.6963
468717.03 5017445.51 0.6824
468747.03 5017445.51 0.6782
468777.03 5017445.51 0.6862
468807.03 5017445.51 0.6819
468837.03 5017445.51 0.6819
468867.03 5017445.51 0.6712
468897.03 5017445.51 0.6738
468927.03 5017445.51 0.6776
468957.03 5017445.51 0.6989
469257.03 5016455.51 0.7431
468987.03 5017445.51 0.6844
469017.03 5017445.51 0.6783
469047.03 5017445.51 0.6791
469077.03 5017445.51 0.6734
469107.03 5017445.51 0.6725
469137.03 5017445.51 0.687
469167.03 5017445.51 0.71
469197.03 5017445.51 0.7296
469227.03 5017445.51 0.7073
469257.03 5017445.51 0.7064
469287.03 5016455.51 0.7715
469287.03 5017445.51 0.6814
469317.03 5017445.51 0.684
469347.03 5017445.51 0.6952
469377.03 5017445.51 0.6979
469407.03 5017445.51 0.7357
469437.03 5017445.51 0.6967
469467.03 5017445.51 0.6934
469497.03 5017445.51 0.6699
469527.03 5017445.51 0.7072
469557.03 5017445.51 0.7186
469317.03 5016455.51 0.7127
469587.03 5017445.51 0.7121
468627.03 5017475.51 0.7501
468657.03 5017475.51 0.7295
468687.03 5017475.51 0.727
468717.03 5017475.51 0.6853
468747.03 5017475.51 0.6767
468777.03 5017475.51 0.6873
468807.03 5017475.51 0.6796
468837.03 5017475.51 0.6808
468867.03 5017475.51 0.6691
469347.03 5016455.51 0.6939
468897.03 5017475.51 0.6685
468927.03 5017475.51 0.6821
468957.03 5017475.51 0.6954
468987.03 5017475.51 0.6813
469017.03 5017475.51 0.6728
469047.03 5017475.51 0.6781
469077.03 5017475.51 0.6775
469107.03 5017475.51 0.6881
469137.03 5017475.51 0.6884
469167.03 5017475.51 0.6942
469377.03 5016455.51 0.6794
469197.03 5017475.51 0.725
469227.03 5017475.51 0.7078
469257.03 5017475.51 0.7055
469287.03 5017475.51 0.6817
469317.03 5017475.51 0.6784
469347.03 5017475.51 0.675
469377.03 5017475.51 0.6788
469407.03 5017475.51 0.7057
469437.03 5017475.51 0.6959
469467.03 5017475.51 0.6946
469407.03 5016455.51 0.6814
469497.03 5017475.51 0.6759
469527.03 5017475.51 0.6976
469557.03 5017475.51 0.7102
469587.03 5017475.51 0.7028
468627.03 5017505.51 0.7222
468657.03 5017505.51 0.7404
468687.03 5017505.51 0.7095
468717.03 5017505.51 0.6955
468747.03 5017505.51 0.6968
468777.03 5017505.51 0.6939
469437.03 5016455.51 0.6701
468807.03 5017505.51 0.6901
468837.03 5017505.51 0.7135
468867.03 5017505.51 0.6746
468897.03 5017505.51 0.6884
468927.03 5017505.51 0.6851
468957.03 5017505.51 0.7112
468987.03 5017505.51 0.6896
469017.03 5017505.51 0.687
469047.03 5017505.51 0.6919
469077.03 5017505.51 0.6815
469467.03 5016455.51 0.6752
469107.03 5017505.51 0.6749
469137.03 5017505.51 0.6998
469167.03 5017505.51 0.6811
469197.03 5017505.51 0.6984
469227.03 5017505.51 0.6974
469257.03 5017505.51 0.6903
469287.03 5017505.51 0.675
469317.03 5017505.51 0.6742
469347.03 5017505.51 0.6728
469377.03 5017505.51 0.6732
469497.03 5016455.51 0.6854
469407.03 5017505.51 0.6863
469437.03 5017505.51 0.6795
469467.03 5017505.51 0.6817
469497.03 5017505.51 0.6728
469527.03 5017505.51 0.6824
469557.03 5017505.51 0.7085
469587.03 5017505.51 0.6877
468627.03 5017535.51 0.7133
468657.03 5017535.51 0.6963
468687.03 5017535.51 0.6849
469527.03 5016455.51 0.6729
468717.03 5017535.51 0.6743
468747.03 5017535.51 0.6808
468777.03 5017535.51 0.6972
468807.03 5017535.51 0.6864
468837.03 5017535.51 0.7084
468867.03 5017535.51 0.6871
468897.03 5017535.51 0.6962
468927.03 5017535.51 0.6965
468957.03 5017535.51 0.6886
468987.03 5017535.51 0.6799
469557.03 5016455.51 0.6695
469017.03 5017535.51 0.6738
469047.03 5017535.51 0.6862
469077.03 5017535.51 0.6757
469107.03 5017535.51 0.6736
469137.03 5017535.51 0.6766
469167.03 5017535.51 0.6829
469197.03 5017535.51 0.7141
469227.03 5017535.51 0.7045
469257.03 5017535.51 0.7044
469287.03 5017535.51 0.6757
469587.03 5016455.51 0.6785
469317.03 5017535.51 0.6733
469347.03 5017535.51 0.664
469377.03 5017535.51 0.6656
469407.03 5017535.51 0.6709
469437.03 5017535.51 0.6658
469467.03 5017535.51 0.6682
469497.03 5017535.51 0.6711
469527.03 5017535.51 0.6761
469557.03 5017535.51 0.6825
469587.03 5017535.51 0.6875
468627.03 5016485.51 0.7661
468627.03 5017565.51 0.7102
468657.03 5017565.51 0.8719
468687.03 5017565.51 0.868
468717.03 5017565.51 0.8681
468747.03 5017565.51 0.87
468777.03 5017565.51 0.8807
468807.03 5017565.51 0.8839
468837.03 5017565.51 0.8857
468867.03 5017565.51 0.8914
468897.03 5017565.51 0.8972
468927.03 5017565.51 0.903
468957.03 5017565.51 0.917
468987.03 5017565.51 0.913
469017.03 5017565.51 0.9164
469047.03 5017565.51 0.9229
469077.03 5017565.51 0.9271
469107.03 5017565.51 0.9341
469137.03 5017565.51 0.9413
469167.03 5017565.51 0.9472
469197.03 5017565.51 0.9675
469227.03 5017565.51 0.9718
469257.03 5017565.51 0.9745
469287.03 5017565.51 0.9684
469317.03 5017565.51 0.9718
469347.03 5017565.51 0.9747
469377.03 5017565.51 0.9792
469407.03 5017565.51 0.9872
469437.03 5017565.51 0.9905
469467.03 5017565.51 0.9976
469197.03 5016485.51 0.9328
469227.03 5016485.51 0.6822
469257.03 5016485.51 0.6996
469287.03 5016485.51 0.7211
469317.03 5016485.51 0.7003
469347.03 5016485.51 0.6981
469377.03 5016485.51 0.6835
469407.03 5016485.51 0.6814
469437.03 5016485.51 0.6719
469467.03 5016485.51 0.6801
469497.03 5016485.51 0.6764
469527.03 5016485.51 0.6684
469557.03 5016485.51 0.6688
469587.03 5016485.51 0.682
468627.03 5016515.51 0.7525
469197.03 5016515.51 0.9279
469227.03 5016515.51 0.6739
469257.03 5016515.51 0.6989
469287.03 5016515.51 0.707
469317.03 5016515.51 0.7098
469347.03 5016515.51 0.685
469197.03 5016365.51 0.9276
469377.03 5016515.51 0.6789
469407.03 5016515.51 0.6782
469437.03 5016515.51 0.671
469467.03 5016515.51 0.6739
469497.03 5016515.51 0.6818
469527.03 5016515.51 0.6688
469557.03 5016515.51 0.6682
469587.03 5016515.51 0.6844
468627.03 5016545.51 0.7465
469227.03 5016365.51 0.6974
468897.03 5016545.51 0.9987
468927.03 5016545.51 0.9922
468957.03 5016545.51 0.9909
469257.03 5016365.51 0.6886
468987.03 5016545.51 0.9871
469017.03 5016545.51 0.9845
469047.03 5016545.51 0.9828
469077.03 5016545.51 0.9786
469107.03 5016545.51 0.9774
469137.03 5016545.51 0.9748
469167.03 5016545.51 0.9719
469197.03 5016545.51 0.8991
469227.03 5016545.51 0.6718
469257.03 5016545.51 0.6858
469287.03 5016365.51 0.6931
469287.03 5016545.51 0.6968
469317.03 5016545.51 0.6996
469347.03 5016545.51 0.6901
469377.03 5016545.51 0.6851
469407.03 5016545.51 0.6873
469437.03 5016545.51 0.6705
469467.03 5016545.51 0.6744
469497.03 5016545.51 0.6874
469527.03 5016545.51 0.669
469557.03 5016545.51 0.6765
469317.03 5016365.51 0.7022
469587.03 5016545.51 0.6782
468627.03 5016575.51 0.7238
468687.03 5016575.51 0.7905
468717.03 5016575.51 0.6957
468747.03 5016575.51 0.6857
468777.03 5016575.51 0.6755
468807.03 5016575.51 0.6736
468837.03 5016575.51 0.6744
468867.03 5016575.51 0.6769
469347.03 5016365.51 0.6835
468897.03 5016575.51 0.6691
468927.03 5016575.51 0.6716
468957.03 5016575.51 0.6756
468987.03 5016575.51 0.6838
469017.03 5016575.51 0.6769
469047.03 5016575.51 0.6862
469077.03 5016575.51 0.6712
469107.03 5016575.51 0.6746
469137.03 5016575.51 0.6898
469167.03 5016575.51 0.6799
469377.03 5016365.51 0.6934
469197.03 5016575.51 0.6713
469227.03 5016575.51 0.6816
469257.03 5016575.51 0.6897
469287.03 5016575.51 0.7065
469317.03 5016575.51 0.6825
469347.03 5016575.51 0.6755
469377.03 5016575.51 0.669
469407.03 5016575.51 0.6742
469437.03 5016575.51 0.6687
469467.03 5016575.51 0.6697
469407.03 5016365.51 0.688
469497.03 5016575.51 0.6697
469527.03 5016575.51 0.6662
469557.03 5016575.51 0.6678
469587.03 5016575.51 0.6822
468627.03 5016605.51 0.7433
468717.03 5016605.51 0.9781
468747.03 5016605.51 0.9433
468777.03 5016605.51 0.8787
469437.03 5016365.51 0.6841
468807.03 5016605.51 0.9163
468837.03 5016605.51 0.811
468867.03 5016605.51 0.6819
468897.03 5016605.51 0.6769
468927.03 5016605.51 0.6857
468957.03 5016605.51 0.6905
468987.03 5016605.51 0.6952
469017.03 5016605.51 0.6829
469047.03 5016605.51 0.6943
469077.03 5016605.51 0.6726
469467.03 5016365.51 0.6828
469107.03 5016605.51 0.6785
469137.03 5016605.51 0.7003
469167.03 5016605.51 0.6892
469197.03 5016605.51 0.6729
469227.03 5016605.51 0.6761
469257.03 5016605.51 0.7341
469287.03 5016605.51 0.7086
469317.03 5016605.51 0.7176
469347.03 5016605.51 0.6809
469377.03 5016605.51 0.6765
469497.03 5016365.51 0.6851
469407.03 5016605.51 0.6777
469437.03 5016605.51 0.6694
469467.03 5016605.51 0.6747
469497.03 5016605.51 0.6796
469527.03 5016605.51 0.6731
469557.03 5016605.51 0.6702
469587.03 5016605.51 0.6826
468627.03 5016635.51 0.7039
469527.03 5016365.51 0.6747
468837.03 5016635.51 0.7906
468867.03 5016635.51 0.688
468897.03 5016635.51 0.6781
468927.03 5016635.51 0.6846
468957.03 5016635.51 0.7035
468987.03 5016635.51 0.7018
469557.03 5016365.51 0.6884
469017.03 5016635.51 0.6862
469047.03 5016635.51 0.6877
469077.03 5016635.51 0.6722
469107.03 5016635.51 0.6796
469137.03 5016635.51 0.7085
469167.03 5016635.51 0.6941
469197.03 5016635.51 0.6736
469227.03 5016635.51 0.677
469257.03 5016635.51 0.7042
469287.03 5016635.51 0.7134
469587.03 5016365.51 0.6811
469317.03 5016635.51 0.7158
469347.03 5016635.51 0.6976
469377.03 5016635.51 0.6768
469407.03 5016635.51 0.6775
469437.03 5016635.51 0.6692
469467.03 5016635.51 0.6739
469497.03 5016635.51 0.6816
469527.03 5016635.51 0.6751
469557.03 5016635.51 0.67
469587.03 5016635.51 0.6812
468627.03 5016395.51 0.7344
468627.03 5016665.51 0.7248
468837.03 5016665.51 0.7468
468867.03 5016665.51 0.6857
468897.03 5016665.51 0.6806
468927.03 5016665.51 0.686
468957.03 5016665.51 0.6987
468987.03 5016665.51 0.6947
469017.03 5016665.51 0.689
469047.03 5016665.51 0.6839
469077.03 5016665.51 0.6727
469107.03 5016665.51 0.6828
469137.03 5016665.51 0.7091
469167.03 5016665.51 0.6955
469197.03 5016665.51 0.6765
469227.03 5016665.51 0.6758
469257.03 5016665.51 0.7095
469287.03 5016665.51 0.7241
469317.03 5016665.51 0.7174
469347.03 5016665.51 0.7212
469377.03 5016665.51 0.6881
469407.03 5016665.51 0.6996
469437.03 5016665.51 0.6823
469467.03 5016665.51 0.6893
469497.03 5016665.51 0.6878
469527.03 5016665.51 0.6795
469557.03 5016665.51 0.6693
469587.03 5016665.51 0.6836
468627.03 5016695.51 0.7548
468837.03 5016695.51 0.8026
468867.03 5016695.51 0.682
468897.03 5016695.51 0.6803
468927.03 5016695.51 0.6834
468957.03 5016695.51 0.6951
468987.03 5016695.51 0.7062
469017.03 5016695.51 0.7018
469047.03 5016695.51 0.6895
469077.03 5016695.51 0.6767
469107.03 5016695.51 0.6855
469137.03 5016695.51 0.7116
469167.03 5016695.51 0.7015
469197.03 5016695.51 0.6804
469227.03 5016695.51 0.6759
469257.03 5016695.51 0.712
469287.03 5016695.51 0.7162
469317.03 5016695.51 0.7219
469347.03 5016695.51 0.7127
469377.03 5016695.51 0.6975
469407.03 5016695.51 0.7068
469437.03 5016695.51 0.688
469467.03 5016695.51 0.6828
469497.03 5016695.51 0.6815
469527.03 5016695.51 0.6878
469557.03 5016695.51 0.6769
469587.03 5016695.51 0.779
468627.03 5016725.51 0.8909
468837.03 5016725.51 0.761
468867.03 5016725.51 0.6849
468897.03 5016725.51 0.6844
468927.03 5016725.51 0.6988
468957.03 5016725.51 0.6858
468987.03 5016725.51 0.7013
469017.03 5016725.51 0.7064
469047.03 5016725.51 0.69
469077.03 5016725.51 0.6744
469107.03 5016725.51 0.6883
469137.03 5016725.51 0.7147
469167.03 5016725.51 0.6939
469197.03 5016725.51 0.68
469227.03 5016725.51 0.6726
469257.03 5016725.51 0.7104
469287.03 5016725.51 0.7117
469317.03 5016725.51 0.7122
469347.03 5016725.51 0.7027
469377.03 5016725.51 0.6944
469407.03 5016725.51 0.7083
469437.03 5016725.51 0.6732
469467.03 5016725.51 0.6812
469497.03 5016725.51 0.7411
469527.03 5016725.51 0.8083
469557.03 5016725.51 0.9544
469587.03 5016725.51 0.9816
468627.03 5016755.51 0.99
468837.03 5016755.51 0.7635
468867.03 5016755.51 0.6991
468897.03 5016755.51 0.7152
468927.03 5016755.51 0.779
468957.03 5016755.51 0.7569
468987.03 5016755.51 0.7397
469017.03 5016755.51 0.7524
469047.03 5016755.51 0.7489
469077.03 5016755.51 0.6851
469107.03 5016755.51 0.7258
469137.03 5016755.51 0.7477
469167.03 5016755.51 0.7331
469197.03 5016755.51 0.7224
469227.03 5016755.51 0.7022
469257.03 5016755.51 0.72
469287.03 5016755.51 0.7074
469317.03 5016755.51 0.7091
469347.03 5016755.51 0.6949
469377.03 5016755.51 0.687
469407.03 5016755.51 0.6765
469437.03 5016755.51 0.6677
469467.03 5016755.51 0.6741
469497.03 5016755.51 0.8591
469527.03 5016755.51 0.9563
469557.03 5016755.51 0.9372
469587.03 5016755.51 0.9815
468627.03 5016785.51 0.9674
468807.03 5016785.51 0.9897
468837.03 5016785.51 0.7772
468867.03 5016785.51 0.6838
468897.03 5016785.51 0.7608
468927.03 5016785.51 0.7637
468957.03 5016785.51 0.7143
468987.03 5016785.51 0.7081
469017.03 5016785.51 0.7352
469047.03 5016785.51 0.71
469077.03 5016785.51 0.681
469107.03 5016785.51 0.7068
469137.03 5016785.51 0.726
469167.03 5016785.51 0.7011
469197.03 5016785.51 0.713
469227.03 5016785.51 0.7211
469257.03 5016785.51 0.7196
469287.03 5016785.51 0.7219
469317.03 5016785.51 0.7263
469347.03 5016785.51 0.7265
469377.03 5016785.51 0.7252
469407.03 5016785.51 0.7272
469437.03 5016785.51 0.747
469467.03 5016785.51 0.8406
469497.03 5016785.51 0.9269
469527.03 5016785.51 0.9917
469557.03 5016785.51 0.9893
469587.03 5016785.51 0.981
468627.03 5016815.51 0.9886
468777.03 5016815.51 0.9948
468807.03 5016815.51 0.8711
468837.03 5016815.51 0.7964
468867.03 5016815.51 0.8002
468897.03 5016815.51 0.9067
468927.03 5016815.51 0.7275
468957.03 5016815.51 0.6983
468987.03 5016815.51 0.6836
469017.03 5016815.51 0.7152
469047.03 5016815.51 0.6847
469077.03 5016815.51 0.676
469107.03 5016815.51 0.6923
469137.03 5016815.51 0.7077
469167.03 5016815.51 0.7012
469197.03 5016815.51 0.7105
469227.03 5016815.51 0.727
469257.03 5016815.51 0.724
469287.03 5016815.51 0.7273
469317.03 5016815.51 0.7354
469347.03 5016815.51 0.7396
469197.03 5016395.51 0.9159
469377.03 5016815.51 0.7469
469407.03 5016815.51 0.7471
469437.03 5016815.51 0.7516
469467.03 5016815.51 0.9308
469497.03 5016815.51 0.9831
469527.03 5016815.51 0.9899
469557.03 5016815.51 0.9941
469587.03 5016815.51 0.9755
468627.03 5016845.51 0.9834
469227.03 5016395.51 0.6784
468777.03 5016845.51 0.8791
468807.03 5016845.51 0.7124
468837.03 5016845.51 0.7016
468867.03 5016845.51 0.7554
468897.03 5016845.51 0.8645
468927.03 5016845.51 0.7485
468957.03 5016845.51 0.6996
469257.03 5016395.51 0.6847
468987.03 5016845.51 0.6841
469017.03 5016845.51 0.6966
469047.03 5016845.51 0.6807
469077.03 5016845.51 0.6783
469107.03 5016845.51 0.6923
469137.03 5016845.51 0.708
469167.03 5016845.51 0.6926
469197.03 5016845.51 0.7153
469227.03 5016845.51 0.7255
469257.03 5016845.51 0.7329
469287.03 5016395.51 0.702
469287.03 5016845.51 0.7359
469317.03 5016845.51 0.737
469347.03 5016845.51 0.7408
469377.03 5016845.51 0.7434
469407.03 5016845.51 0.7425
469437.03 5016845.51 0.7908
469467.03 5016845.51 0.9884
469497.03 5016845.51 0.9852
469527.03 5016845.51 0.9878
469557.03 5016845.51 0.9079
469317.03 5016395.51 0.6907
469587.03 5016845.51 0.8993
468627.03 5016875.51 0.9219
468777.03 5016875.51 0.7467
468807.03 5016875.51 0.6945
468837.03 5016875.51 0.7004
468867.03 5016875.51 0.6899
469347.03 5016395.51 0.6716
468897.03 5016875.51 0.7441
468927.03 5016875.51 0.7816
468957.03 5016875.51 0.6975
468987.03 5016875.51 0.6862
469017.03 5016875.51 0.6884
469047.03 5016875.51 0.6756
469077.03 5016875.51 0.6782
469107.03 5016875.51 0.6968
469137.03 5016875.51 0.6988
469167.03 5016875.51 0.6917
469377.03 5016395.51 0.6748
469197.03 5016875.51 0.7199
469227.03 5016875.51 0.7281
469257.03 5016875.51 0.7337
469287.03 5016875.51 0.7306
469317.03 5016875.51 0.7259
469347.03 5016875.51 0.729
469377.03 5016875.51 0.7383
469407.03 5016875.51 0.7427
469437.03 5016875.51 0.9088
469467.03 5016875.51 0.9915
469407.03 5016395.51 0.6742
469497.03 5016875.51 0.9911
469527.03 5016875.51 0.9033
469557.03 5016875.51 0.6981
469587.03 5016875.51 0.6785
468627.03 5016905.51 0.7042
468747.03 5016905.51 0.9982
468777.03 5016905.51 0.7003
469437.03 5016395.51 0.6659
468807.03 5016905.51 0.698
468837.03 5016905.51 0.7039
468867.03 5016905.51 0.681
468897.03 5016905.51 0.6885
468927.03 5016905.51 0.697
468957.03 5016905.51 0.6908
468987.03 5016905.51 0.6848
469017.03 5016905.51 0.6863
469047.03 5016905.51 0.6698
469077.03 5016905.51 0.6823
469467.03 5016395.51 0.6702
469107.03 5016905.51 0.6925
469137.03 5016905.51 0.6996
469167.03 5016905.51 0.6957
469197.03 5016905.51 0.7106
469227.03 5016905.51 0.7298
469257.03 5016905.51 0.729
469287.03 5016905.51 0.7217
469317.03 5016905.51 0.7229
469347.03 5016905.51 0.7283
469377.03 5016905.51 0.7292
469497.03 5016395.51 0.6739
469407.03 5016905.51 0.7415
469437.03 5016905.51 0.9152
469467.03 5016905.51 0.9961
469497.03 5016905.51 0.9866
469527.03 5016905.51 0.8137
469557.03 5016905.51 0.6866
469587.03 5016905.51 0.6798
468627.03 5016935.51 0.7054
468687.03 5016935.51 0.9998
469527.03 5016395.51 0.6675
468717.03 5016935.51 0.9992
468747.03 5016935.51 0.9999
468777.03 5016935.51 0.709
468807.03 5016935.51 0.6889
468837.03 5016935.51 0.707
468867.03 5016935.51 0.6965
468897.03 5016935.51 0.6978
468927.03 5016935.51 0.6963
468957.03 5016935.51 0.6999
468987.03 5016935.51 0.7384
469557.03 5016395.51 0.6676
469017.03 5016935.51 0.7409
469047.03 5016935.51 0.7527
469077.03 5016935.51 0.7517
469107.03 5016935.51 0.7623
469137.03 5016935.51 0.8041
469167.03 5016935.51 0.7922
469197.03 5016935.51 0.8004
469227.03 5016935.51 0.8055
469257.03 5016935.51 0.8097
469287.03 5016935.51 0.7898
469587.03 5016395.51 0.6804
469317.03 5016935.51 0.7849
469347.03 5016935.51 0.7889
469377.03 5016935.51 0.8304
469407.03 5016935.51 0.8819
469437.03 5016935.51 0.9755
469467.03 5016935.51 0.9482
469497.03 5016935.51 0.8339
469527.03 5016935.51 0.7213
469557.03 5016935.51 0.7059
469587.03 5016935.51 0.745
468627.03 5016425.51 0.7805
468627.03 5016965.51 0.9464
468657.03 5016965.51 0.9019
468687.03 5016965.51 0.7532
468717.03 5016965.51 0.7781
468777.03 5016965.51 0.7836
468807.03 5016965.51 0.6804
468837.03 5016965.51 0.6872
468867.03 5016965.51 0.6755
468897.03 5016965.51 0.6685
468927.03 5016965.51 0.669
468957.03 5016965.51 0.7031
468987.03 5016965.51 0.7125
469017.03 5016965.51 0.7599
469047.03 5016965.51 0.697
469077.03 5016965.51 0.6989
469107.03 5016965.51 0.7345
469137.03 5016965.51 0.8158
469167.03 5016965.51 0.8161
469197.03 5016965.51 0.7327
469227.03 5016965.51 0.6915
469257.03 5016965.51 0.719
469287.03 5016965.51 0.7474
469317.03 5016965.51 0.7799
469347.03 5016965.51 0.9115
469377.03 5016965.51 0.9744
469407.03 5016965.51 0.8367
469437.03 5016965.51 0.7874
469467.03 5016965.51 0.7817
469497.03 5016965.51 0.7292
469527.03 5016965.51 0.7209
469557.03 5016965.51 0.7362
469587.03 5016965.51 0.9553
468627.03 5016995.51 0.9888
468657.03 5016995.51 0.7711
468687.03 5016995.51 0.7213
468717.03 5016995.51 0.7315
468747.03 5016995.51 0.9209
468777.03 5016995.51 0.9117
468807.03 5016995.51 0.6909
468837.03 5016995.51 0.684
468867.03 5016995.51 0.6755
468897.03 5016995.51 0.6681
468927.03 5016995.51 0.6901
468957.03 5016995.51 0.7366
468987.03 5016995.51 0.89
469017.03 5016995.51 0.8317
469047.03 5016995.51 0.8199
469077.03 5016995.51 0.873
469107.03 5016995.51 0.8507
469137.03 5016995.51 0.8272
469167.03 5016995.51 0.7979
469197.03 5016995.51 0.6897
469227.03 5016995.51 0.6818
469257.03 5016995.51 0.6896
469287.03 5016995.51 0.7133
469317.03 5016995.51 0.7697
469347.03 5016995.51 0.9523
469377.03 5016995.51 0.7309
469407.03 5016995.51 0.7104
469437.03 5016995.51 0.8636
469467.03 5016995.51 0.9651
469497.03 5016995.51 0.871
469527.03 5016995.51 0.8445
469557.03 5016995.51 0.8935
469587.03 5016995.51 0.9758
468627.03 5017025.51 0.9823
468657.03 5017025.51 0.7571
468687.03 5017025.51 0.727
468717.03 5017025.51 0.7073
468747.03 5017025.51 0.7025
468777.03 5017025.51 0.8537
468807.03 5017025.51 0.689
468837.03 5017025.51 0.6828
468867.03 5017025.51 0.6737
468897.03 5017025.51 0.6858
468927.03 5017025.51 0.7306
468957.03 5017025.51 0.7669
468987.03 5017025.51 0.8388
469017.03 5017025.51 0.7605
469047.03 5017025.51 0.7373
469077.03 5017025.51 0.7594
469107.03 5017025.51 0.767
469137.03 5017025.51 0.765
469167.03 5017025.51 0.7203
469197.03 5017025.51 0.6892
469227.03 5017025.51 0.6924
469257.03 5017025.51 0.7084
469287.03 5017025.51 0.7196
469317.03 5017025.51 0.782
469347.03 5017025.51 0.7211
469377.03 5017025.51 0.7023
469407.03 5017025.51 0.731
469437.03 5017025.51 0.9763
469467.03 5017025.51 0.9791
469497.03 5017025.51 0.9733
469527.03 5017025.51 0.9662
469557.03 5017025.51 0.9797
469587.03 5017025.51 0.9718
468627.03 5017055.51 0.9848
468657.03 5017055.51 0.6938
468687.03 5017055.51 0.6908
468717.03 5017055.51 0.6919
468747.03 5017055.51 0.6921
468777.03 5017055.51 0.6759
468807.03 5017055.51 0.6917
468837.03 5017055.51 0.6956
468867.03 5017055.51 0.6765
468897.03 5017055.51 0.6813
468927.03 5017055.51 0.6818
468957.03 5017055.51 0.6717
468987.03 5017055.51 0.6941
469017.03 5017055.51 0.7227
469047.03 5017055.51 0.7553
469077.03 5017055.51 0.7128
469107.03 5017055.51 0.7269
469137.03 5017055.51 0.755
469167.03 5017055.51 0.7295
469197.03 5017055.51 0.6923
469227.03 5017055.51 0.7238
469257.03 5017055.51 0.7463
469287.03 5017055.51 0.7309
469317.03 5017055.51 0.7235
469347.03 5017055.51 0.7114
469377.03 5017055.51 0.7021
469407.03 5017055.51 0.6944
469437.03 5017055.51 0.8814
469467.03 5017055.51 0.9804
469497.03 5017055.51 0.9787
469527.03 5017055.51 0.9825
469557.03 5017055.51 0.9768
469587.03 5017055.51 0.9859
468627.03 5017085.51 0.9918
468657.03 5017085.51 0.6931
468687.03 5017085.51 0.6928
468717.03 5017085.51 0.6915
468747.03 5017085.51 0.6793
468777.03 5017085.51 0.684
468807.03 5017085.51 0.7364
468837.03 5017085.51 0.7256
468867.03 5017085.51 0.6874
468897.03 5017085.51 0.6924
468927.03 5017085.51 0.696
468957.03 5017085.51 0.673
468987.03 5017085.51 0.6953
469017.03 5017085.51 0.7325
469047.03 5017085.51 0.7596
469077.03 5017085.51 0.7365
469107.03 5017085.51 0.7076
469137.03 5017085.51 0.7064
469167.03 5017085.51 0.6947
469197.03 5017085.51 0.7166
469227.03 5017085.51 0.7355
469257.03 5017085.51 0.7353
469287.03 5017085.51 0.7293
469317.03 5017085.51 0.7182
469347.03 5017085.51 0.7184
469377.03 5017085.51 0.699
469407.03 5017085.51 0.6941
469437.03 5017085.51 0.8464
469467.03 5017085.51 0.9775
469497.03 5017085.51 0.9826
469527.03 5017085.51 0.9233
469557.03 5017085.51 0.9022
469587.03 5017085.51 0.9824
468627.03 5017115.51 0.9837
468657.03 5017115.51 0.7043
468687.03 5017115.51 0.6896
468717.03 5017115.51 0.6906
468747.03 5017115.51 0.6767
468777.03 5017115.51 0.6733
468807.03 5017115.51 0.6878
468837.03 5017115.51 0.726
468867.03 5017115.51 0.761
468897.03 5017115.51 0.7214
468927.03 5017115.51 0.6949
468957.03 5017115.51 0.6819
468987.03 5017115.51 0.7173
469017.03 5017115.51 0.7562
469047.03 5017115.51 0.7218
469077.03 5017115.51 0.7015
469107.03 5017115.51 0.6926
469137.03 5017115.51 0.6871
469167.03 5017115.51 0.7066
469197.03 5017115.51 0.7074
469227.03 5017115.51 0.7134
469257.03 5017115.51 0.7073
469287.03 5017115.51 0.698
469317.03 5017115.51 0.7107
469347.03 5017115.51 0.7135
469197.03 5016425.51 0.9615
469377.03 5017115.51 0.7571
469407.03 5017115.51 0.8292
469437.03 5017115.51 0.9711
469467.03 5017115.51 0.9701
469497.03 5017115.51 0.9828
469527.03 5017115.51 0.9693
469557.03 5017115.51 0.694
469587.03 5017115.51 0.7945
468627.03 5017145.51 0.807
468657.03 5017145.51 0.7202
469227.03 5016425.51 0.7304
468687.03 5017145.51 0.7327
468717.03 5017145.51 0.7305
468747.03 5017145.51 0.7126
468777.03 5017145.51 0.6921
468807.03 5017145.51 0.6981
468837.03 5017145.51 0.6912
468867.03 5017145.51 0.6772
468897.03 5017145.51 0.6809
468927.03 5017145.51 0.6959
468957.03 5017145.51 0.7033
469257.03 5016425.51 0.756
468987.03 5017145.51 0.7532
469017.03 5017145.51 0.7418
469047.03 5017145.51 0.7543
469077.03 5017145.51 0.7129
469107.03 5017145.51 0.7158
469137.03 5017145.51 0.7039
469167.03 5017145.51 0.7071
469197.03 5017145.51 0.6868
469227.03 5017145.51 0.6854
469257.03 5017145.51 0.6858
469287.03 5016425.51 0.7846
469287.03 5017145.51 0.6831
469317.03 5017145.51 0.6861
469347.03 5017145.51 0.7952
469377.03 5017145.51 0.8885
469407.03 5017145.51 0.8955
469437.03 5017145.51 0.9662
469467.03 5017145.51 0.9109
469497.03 5017145.51 0.9897
469527.03 5017145.51 0.9059
469557.03 5017145.51 0.6769
469317.03 5016425.51 0.7464
469587.03 5017145.51 0.676
468627.03 5017175.51 0.7414
468657.03 5017175.51 0.724
468687.03 5017175.51 0.7078
468717.03 5017175.51 0.701
468747.03 5017175.51 0.6925
468777.03 5017175.51 0.6796
468807.03 5017175.51 0.6807
468837.03 5017175.51 0.6741
468867.03 5017175.51 0.6664
469347.03 5016425.51 0.7042
468897.03 5017175.51 0.683
468927.03 5017175.51 0.7139
468957.03 5017175.51 0.7381
468987.03 5017175.51 0.814
469017.03 5017175.51 0.7417
469047.03 5017175.51 0.7005
469077.03 5017175.51 0.6904
469107.03 5017175.51 0.6989
469137.03 5017175.51 0.7027
469167.03 5017175.51 0.6937
469377.03 5016425.51 0.6786
469197.03 5017175.51 0.6819
469227.03 5017175.51 0.6838
469257.03 5017175.51 0.6837
469287.03 5017175.51 0.6817
469317.03 5017175.51 0.687
469347.03 5017175.51 0.9609
469377.03 5017175.51 0.9811
469407.03 5017175.51 0.9593
469437.03 5017175.51 0.9396
469467.03 5017175.51 0.9838
469407.03 5016425.51 0.6785
469497.03 5017175.51 0.9854
469527.03 5017175.51 0.7347
469557.03 5017175.51 0.6799
469587.03 5017175.51 0.6871
468627.03 5017205.51 0.8556
468657.03 5017205.51 0.7188
468687.03 5017205.51 0.6973
468717.03 5017205.51 0.6984
468747.03 5017205.51 0.6819
468777.03 5017205.51 0.6804
469437.03 5016425.51 0.6712
468807.03 5017205.51 0.6851
468837.03 5017205.51 0.6741
468867.03 5017205.51 0.6698
468897.03 5017205.51 0.6718
468927.03 5017205.51 0.7541
468957.03 5017205.51 0.7289
468987.03 5017205.51 0.7889
469017.03 5017205.51 0.7681
469047.03 5017205.51 0.7644
469077.03 5017205.51 0.7096
469467.03 5016425.51 0.6812
469107.03 5017205.51 0.6983
469137.03 5017205.51 0.6992
469167.03 5017205.51 0.6911
469197.03 5017205.51 0.6787
469227.03 5017205.51 0.6803
469257.03 5017205.51 0.6863
469287.03 5017205.51 0.6821
469317.03 5017205.51 0.6782
469347.03 5017205.51 0.8566
469377.03 5017205.51 0.9129
469497.03 5016425.51 0.6914
469407.03 5017205.51 0.9842
469437.03 5017205.51 0.9626
469467.03 5017205.51 0.9805
469497.03 5017205.51 0.8632
469527.03 5017205.51 0.6838
469557.03 5017205.51 0.6823
469587.03 5017205.51 0.6846
468627.03 5017235.51 0.8245
468657.03 5017235.51 0.7282
468687.03 5017235.51 0.6954
469527.03 5016425.51 0.6687
468717.03 5017235.51 0.7046
468747.03 5017235.51 0.6835
468777.03 5017235.51 0.679
468807.03 5017235.51 0.6944
468837.03 5017235.51 0.6955
468867.03 5017235.51 0.6917
468897.03 5017235.51 0.6788
468927.03 5017235.51 0.6949
468957.03 5017235.51 0.7181
468987.03 5017235.51 0.7751
469557.03 5016425.51 0.6747
469017.03 5017235.51 0.788
469047.03 5017235.51 0.8027
469077.03 5017235.51 0.739
469107.03 5017235.51 0.7015
469137.03 5017235.51 0.701
469167.03 5017235.51 0.6839
469197.03 5017235.51 0.6778
469227.03 5017235.51 0.6849
469257.03 5017235.51 0.6919
469287.03 5017235.51 0.6838
469587.03 5016425.51 0.6777
469317.03 5017235.51 0.6769
469347.03 5017235.51 0.6786
469377.03 5017235.51 0.7734
469407.03 5017235.51 0.8529
469437.03 5017235.51 0.7493
469467.03 5017235.51 0.6817
469497.03 5017235.51 0.6753
469527.03 5017235.51 0.6816
469557.03 5017235.51 0.6846
469587.03 5017235.51 0.72
468627.03 5016455.51 0.7322
468627.03 5017265.51 0.7323
468657.03 5017265.51 0.7118
468687.03 5017265.51 0.7038
468717.03 5017265.51 0.715
468747.03 5017265.51 0.6879
468777.03 5017265.51 0.6812
468807.03 5017265.51 0.6895
468837.03 5017265.51 0.679
468867.03 5017265.51 0.6671
468897.03 5017265.51 0.681
