468927.025 5017265.505 14.71
468957.025 5017265.485 1.28
468987.025 5017265.505 1.05
469017.025 5017265.505 4.43
469047.025 5017265.505 9.83
469077.025 5017265.505 3.66
469107.025 5017265.505 1.14
469137.025 5017265.495 1.54
469167.025 5017265.505 1.38
469197.025 5017265.505 1.32
469227.025 5017265.505 2.37
469257.025 5017265.505 1.66
469287.025 5017265.505 2.41
469317.025 5017265.505 1.12
469347.025 5017265.505 1.02
469377.025 5017265.505 1.73
469407.025 5017265.495 0.82
469437.025 5017265.505 0.55
469467.025 5017265.505 2.75
469497.025 5017265.505 3.37
469527.025 5017265.515 0.71
469557.0150000001 5017265.505 1.20
469587.025 5017265.505 0.89
469612.60500000004 5017265.505 1.05
468657.74500000005 5017295.505 3.70
468687.025 5017295.505 8.10
468717.025 5017295.505 5.48
468747.025 5017295.505 5.35
468777.025 5017295.505 8.75
468807.025 5017295.495 3.75
468837.025 5017295.505 7.81
468867.025 5017295.505 29.35
468897.03500000003 5017295.495 2.04
468927.025 5017295.495 0.92
468957.025 5017295.495 2.39
468987.0150000001 5017295.495 6.21
469017.025 5017295.495 4.76
469047.025 5017295.505 4.26
469077.025 5017295.505 1.94
469107.025 5017295.505 3.25
469137.025 5017295.495 7.54
469167.025 5017295.505 14.91
469197.025 5017295.495 10.15
469227.025 5017295.505 28.73
469257.025 5017295.505 7.81
469287.025 5017295.495 1.92
469317.025 5017295.505 12.76
469347.03500000003 5017295.505 1.71
469377.025 5017295.505 7.46
469407.025 5017295.505 1.32
469437.025 5017295.505 1.79
469467.025 5017295.505 0.68
469497.025 5017295.505 7.22
469527.025 5017295.505 0.88
469557.025 5017295.505 1.59
469587.0150000001 5017295.515 1.08
469612.655 5017295.505 1.02
468657.80500000005 5017325.505 8.53
468687.025 5017325.505 7.88
468717.025 5017325.505 5.81
468747.025 5017325.505 66.15
468777.025 5017325.505 6.36
468807.025 5017325.505 290.85
468837.025 5017325.505 10.33
468867.025 5017325.505 8.81
468897.025 5017325.505 12.87
468927.03500000003 5017325.495 22.54
468957.0150000001 5017325.505 0.63
468987.025 5017325.505 2.28
469017.025 5017325.505 2.02
469047.025 5017325.515 0.81
469077.025 5017325.505 0.50
469107.025 5017325.505 1.76
469137.025 5017325.495 2.68
469167.03500000003 5017325.495 1.12
469197.025 5017325.505 6.24
469227.025 5017325.505 1.67
469257.025 5017325.505 2.09
469287.025 5017325.495 2.57
469317.025 5017325.505 1.58
469347.03500000003 5017325.495 4.73
469377.025 5017325.505 2.12
469407.025 5017325.505 0.94
469437.0150000001 5017325.505 1.28
469467.025 5017325.505 1.08
469497.025 5017325.505 23.75
469527.025 5017325.495 0.82
469556.97500000003 5017325.505 1.04
469586.99500000005 5017325.505 0.99
469612.38500000007 5017325.045 0.00
468657.88500000007 5017355.505 29.26
468687.025 5017355.505 8.10
468717.025 5017355.505 8.81
468747.025 5017355.505 20.89
468777.025 5017355.505 13.50
468807.025 5017355.505 7.52
468837.025 5017355.505 67.43
468867.025 5017355.505 20.59
468897.025 5017355.505 8.90
468927.025 5017355.505 4.93
468957.025 5017355.515 2.29
468987.025 5017355.505 2.59
469017.025 5017355.505 6.86
469047.025 5017355.495 1.86
469077.025 5017355.505 3.12
469107.025 5017355.505 2.16
469137.025 5017355.505 6.51
469167.025 5017355.505 4.35
469197.025 5017355.505 2.29
469227.025 5017355.505 5.31
469257.025 5017355.505 1.01
469287.025 5017355.505 5.12
469317.025 5017355.505 4.25
469347.025 5017355.515 19.09
469377.025 5017355.505 6.70
469407.025 5017355.505 3.42
469437.025 5017355.505 1.23
469467.025 5017355.505 3.61
469497.025 5017355.505 160.50
469527.025 5017355.505 1.35
469556.53500000003 5017355.485 3.27
469586.72500000003 5017354.375 0.00
469613.09500000003 5017355.595 0.00
468657.9550000001 5017385.505 42.44
468687.025 5017385.475 22.62
468717.025 5017385.505 15.27
468747.025 5017385.495 20.00
468777.025 5017385.505 97.67
468807.025 5017385.505 5.37
468837.025 5017385.505 2.30
468867.025 5017385.505 5.41
468897.025 5017385.505 11.03
468927.025 5017385.505 6.37
468957.025 5017385.505 5.86
468987.025 5017385.505 10.56
469017.025 5017385.505 3.10
469047.025 5017385.505 3.17
469077.025 5017385.505 1.13
469107.025 5017385.505 1.14
469137.025 5017385.505 1.57
469167.025 5017385.505 10.08
469197.025 5017385.495 1.29
469227.025 5017385.495 1.91
469257.025 5017385.495 4.11
469287.025 5017385.505 7.39
469317.025 5017385.505 1.73
469347.025 5017385.505 2.61
469377.025 5017385.505 0.99
469407.025 5017385.495 1.06
469437.025 5017385.495 0.83
469467.025 5017385.505 0.80
469497.025 5017385.505 3.08
469527.025 5017385.505 1.07
469557.025 5017385.505 0.00
469587.025 5017385.635 3.22
469612.8950000001 5017385.555 3.09
468658.03500000003 5017415.505 4.60
468687.025 5017415.505 1.23
468717.025 5017415.505 1.54
468747.025 5017415.505 11.13
468777.025 5017415.505 10.83
468807.025 5017415.505 7.92
468837.025 5017415.505 17.52
468867.025 5017415.505 2.44
468897.025 5017415.505 2.20
468927.025 5017415.505 0.90
468957.025 5017415.505 4.45
468987.025 5017415.505 2.17
469017.025 5017415.505 4.55
469047.025 5017415.505 3.33
469077.025 5017415.505 3.94
469107.025 5017415.505 1.93
469137.025 5017415.505 1.90
469167.025 5017415.505 1.95
469197.025 5017415.515 2.05
469227.025 5017415.505 1.75
469257.025 5017415.505 0.63
469287.025 5017415.505 1.09
469317.025 5017415.505 1.23
469347.025 5017415.495 1.57
469210.48500000004 5016455.525 3.44
469377.025 5017415.505 0.83
469407.0150000001 5017415.505 1.01
469437.025 5017415.505 1.50
469467.025 5017415.505 1.80
469497.025 5017415.505 2.29
469527.025 5017415.505 1.64
469557.025 5017415.495 1.82
469587.0150000001 5017415.515 0.82
469612.8350000001 5017415.505 0.94
468658.11500000005 5017445.505 5.64
469227.025 5016455.505 2.52
468687.025 5017445.505 17.55
468717.025 5017445.505 7.03
468747.025 5017445.505 1.34
468777.025 5017445.505 5.61
468807.025 5017445.505 4.29
468837.025 5017445.505 5.67
468867.025 5017445.505 1.19
468897.025 5017445.505 1.16
468927.025 5017445.505 2.50
468957.025 5017445.505 2.65
469257.0150000001 5016455.505 1.47
468987.025 5017445.505 7.55
469017.025 5017445.505 1.67
469047.025 5017445.505 2.04
469077.025 5017445.505 2.46
469107.025 5017445.505 3.23
469137.025 5017445.505 6.51
469167.025 5017445.505 0.54
469197.025 5017445.495 1.16
469227.025 5017445.505 1.53
469257.025 5017445.505 0.65
469287.0150000001 5016455.505 0.70
469287.025 5017445.505 1.40
469317.025 5017445.505 1.39
469347.025 5017445.505 0.92
469377.025 5017445.495 0.57
469407.025 5017445.505 1.00
469437.025 5017445.505 0.85
469467.025 5017445.505 0.60
469497.025 5017445.505 20.85
469527.0150000001 5017445.495 0.83
469557.025 5017445.505 1.74
469317.025 5016455.505 0.41
469587.025 5017445.505 0.86
469613.09500000003 5017445.495 0.53
468658.19500000007 5017475.505 2.07
468687.025 5017475.505 3.42
468717.025 5017475.505 2.94
468747.0150000001 5017475.505 8.31
468777.025 5017475.505 54.66
468807.025 5017475.505 5.31
468837.025 5017475.505 3.45
468867.025 5017475.505 6.07
469347.025 5016455.505 8.58
468897.025 5017475.505 35.12
468927.025 5017475.505 6.08
468957.025 5017475.505 3.36
468987.025 5017475.505 3.24
469017.025 5017475.505 3.04
469047.025 5017475.505 1.87
469077.025 5017475.505 2.89
469107.025 5017475.505 2.68
469137.025 5017475.505 5.67
469167.025 5017475.505 3.23
469377.025 5016455.505 1.21
469197.025 5017475.505 1.09
469227.025 5017475.505 0.77
469257.025 5017475.505 1.93
469287.025 5017475.505 1.16
469317.025 5017475.505 1.58
469347.025 5017475.505 0.73
469377.025 5017475.505 1.66
469407.025 5017475.505 1.05
469437.025 5017475.505 2.00
469467.025 5017475.505 1.59
469407.025 5016455.495 2.69
469497.025 5017475.505 3.58
469527.0150000001 5017475.505 1.24
469557.025 5017475.505 1.29
469587.025 5017475.505 0.94
469613.16500000004 5017475.505 0.68
468658.2650000001 5017505.505 9.48
468687.025 5017505.505 6.47
468717.025 5017505.505 5.13
468747.025 5017505.505 11.45
468777.025 5017505.505 3.27
469437.025 5016455.505 1.75
468807.025 5017505.505 1.85
468837.025 5017505.505 4.02
468867.025 5017505.505 2.41
468897.025 5017505.495 6.01
468927.025 5017505.505 1.01
468957.025 5017505.505 18.08
468987.025 5017505.505 5.23
469017.025 5017505.505 4.04
469047.025 5017505.505 5.62
469077.025 5017505.505 5.17
469467.025 5016455.505 2.07
469107.025 5017505.505 4.60
469137.025 5017505.505 2.56
469167.025 5017505.505 6.81
469197.0150000001 5017505.505 1.01
469227.025 5017505.505 1.96
469257.025 5017505.505 110.65
469287.025 5017505.505 1.06
469317.025 5017505.505 2.33
469347.025 5017505.505 1.30
469377.025 5017505.505 1.75
469497.025 5016455.505 1.37
469407.025 5017505.505 1.64
469437.025 5017505.505 2.58
469467.025 5017505.505 1.04
469497.025 5017505.505 2.19
469527.025 5017505.505 1.28
469557.025 5017505.505 1.28
469587.025 5017505.505 1.53
469613.24500000005 5017505.505 1.13
468658.32500000007 5017535.505 11.92
468687.025 5017535.505 0.81
469527.025 5016455.505 3.66
468717.025 5017535.505 7.45
468747.025 5017535.505 31.03
468777.025 5017535.505 3.63
468807.025 5017535.505 3.21
468837.025 5017535.525 1.36
468867.025 5017535.505 2.67
468897.025 5017535.505 5.07
468927.025 5017535.505 5.59
468957.025 5017535.505 0.28
468987.03500000003 5017535.505 1.67
469557.025 5016455.505 3.42
469017.025 5017535.505 2.32
469047.025 5017535.505 4.65
469077.025 5017535.505 1.70
469107.025 5017535.505 12.79
469137.025 5017535.505 2.02
469167.025 5017535.505 2.59
469197.025 5017535.495 0.66
469227.025 5017535.505 5.23
469257.025 5017535.505 1.85
469287.025 5017535.505 2.10
469587.025 5016455.505 0.91
469317.025 5017535.505 1.19
469347.025 5017535.505 2.28
469377.025 5017535.505 3.49
469407.025 5017535.505 2.04
469437.025 5017535.505 21.48
469467.025 5017535.505 0.49
469497.025 5017535.365 7.11
469527.025 5017535.155 1.29
469557.025 5017534.905 1.50
469587.025 5017534.655 0.97
469610.68500000006 5016455.505 0.54
469613.30500000005 5017534.405 2.20
468658.41500000004 5017557.085 9.05
468687.0150000001 5017556.845 5.25
468717.025 5017556.635 0.44
468747.0150000001 5017556.375 6.33
468777.025 5017556.125 2.05
468807.0150000001 5017555.915 1.68
468837.025 5017555.665 1.81
468867.025 5017555.425 1.67
468897.025 5017555.185 6.44
468927.025 5017554.945 1.72
468957.025 5017554.685 5.24
468987.025 5017554.455 13.68
469017.025 5017554.225 1.82
469047.0150000001 5017553.975 2.24
469076.92500000005 5017553.755 4.40
469107.025 5017553.515 4.72
469136.98500000004 5017553.255 10.89
469166.97500000003 5017553.005 21.82
469197.24500000005 5017552.785 1.99
469227.04500000004 5017552.555 0.00
469257.05500000005 5017552.285 0.00
469286.98500000004 5017552.045 0.68
469317.00500000006 5017551.835 0.99
469347.0150000001 5017551.595 5.28
469376.98500000004 5017551.345 24.14
469407.12500000006 5017551.1049999995 0.00
469437.00500000006 5017550.875 0.00
469460.17500000005 5017550.625 0.00
469210.5150000001 5016485.445 5.57
469227.025 5016485.505 0.89
469257.025 5016485.505 0.60
469287.025 5016485.505 1.16
469317.025 5016485.505 0.84
469347.03500000003 5016485.495 1.15
469377.025 5016485.505 3.53
469407.025 5016485.505 1.92
469437.025 5016485.505 0.85
469467.025 5016485.505 0.62
469497.025 5016485.505 25.29
469527.025 5016485.505 9.99
469557.025 5016485.505 1.83
469587.025 5016485.505 0.83
469610.79500000004 5016485.505 1.97
469210.5150000001 5016515.495 5.90
469227.025 5016515.505 1.43
469257.025 5016515.505 0.89
469287.025 5016515.495 1.04
469317.025 5016515.495 1.12
469347.025 5016515.505 1.82
469210.43500000006 5016366.515 2.55
469377.025 5016515.505 1.74
469407.025 5016515.505 1.65
469437.025 5016515.505 1.50
469467.025 5016515.505 3.44
469497.025 5016515.505 1.95
469527.025 5016515.505 2.88
469557.025 5016515.505 1.53
469587.025 5016515.505 10.80
469610.86500000005 5016515.505 7.98
469227.025 5016366.435 2.99
468907.0150000001 5016560.455 0.00
468927.04500000004 5016560.325 0.00
468957.07500000007 5016560.205 5.82
469257.025 5016366.3549999995 16.93
468987.00500000006 5016560.095 4.98
469016.97500000003 5016559.985 3.94
469047.03500000003 5016559.865 7.22
469077.03500000003 5016559.755 5.20
469107.025 5016559.625 4.46
469137.025 5016559.485 3.92
469167.0150000001 5016559.375 2.04
469197.05500000005 5016545.505 1.21
469227.025 5016545.505 2.83
469257.025 5016545.505 2.02
469287.025 5016366.275 2.79
469287.03500000003 5016545.505 2.81
469317.025 5016545.505 2.42
469347.025 5016545.505 2.90
469377.025 5016545.505 0.81
469407.025 5016545.505 1.28
469437.025 5016545.505 0.74
469467.025 5016545.505 1.23
469497.025 5016545.505 1.24
469527.025 5016545.505 2.35
469557.025 5016545.505 1.32
469317.025 5016366.215 1.57
469587.025 5016545.505 2.26
469610.9550000001 5016545.505 4.94
468690.03500000003 5016574.185 3.95
468717.025 5016576.175 5.22
468747.025 5016576.055 3.88
468777.025 5016575.935 3.50
468807.025 5016575.815 8.92
468837.025 5016575.685 3.02
468867.025 5016575.585 4.93
469347.025 5016366.135 6.76
468897.025 5016575.505 3.15
468927.025 5016575.505 1.03
468957.0150000001 5016575.505 2.07
468987.025 5016575.505 5.18
469017.025 5016575.505 6.32
469047.025 5016575.505 5.74
469077.025 5016575.505 206.32
469107.025 5016575.505 22.65
469137.025 5016575.505 9.95
469167.025 5016575.505 4.87
469377.025 5016366.075 1.77
469197.025 5016575.505 2.39
469227.025 5016575.505 1.12
469257.0150000001 5016575.495 3.34
469287.025 5016575.505 2.71
469317.025 5016575.505 1.42
469347.025 5016575.505 2.94
469377.025 5016575.505 4.15
469407.025 5016575.505 2.40
469437.025 5016575.505 3.86
469467.025 5016575.505 4.87
469407.025 5016366.005 2.99
469497.025 5016575.505 5.55
469527.025 5016575.505 3.70
469557.025 5016575.505 4.86
469587.025 5016575.505 8.61
469611.0150000001 5016575.505 7.97
468722.44500000007 5016593.165 0.00
468747.025 5016593.885 0.11
468777.025 5016599.645 1.35
469437.025 5016365.925 2.99
468807.0150000001 5016595.165 0.14
468837.025 5016605.475 0.97
468867.025 5016605.505 3.68
468897.025 5016605.505 1.93
468927.025 5016605.495 1.50
468957.025 5016605.505 2.77
468987.025 5016605.505 2.75
469017.025 5016605.495 23.79
469047.025 5016605.495 4.06
469077.025 5016605.505 6.41
469467.025 5016365.845 2.69
469107.025 5016605.505 4.40
469137.025 5016605.505 3.69
469167.025 5016605.505 6.02
469197.025 5016605.505 10.40
469227.025 5016605.505 28.83
469257.025 5016605.505 1.58
469287.025 5016605.495 0.86
469317.025 5016605.495 2.44
469347.025 5016605.505 1.54
469377.025 5016605.505 16.64
469497.025 5016365.775 2.93
469407.025 5016605.505 3.89
469437.025 5016605.505 15.99
469467.025 5016605.505 9.65
469497.025 5016605.505 18.27
469527.025 5016605.505 8.11
469557.025 5016605.505 2.42
469587.025 5016605.505 2.69
469611.0850000001 5016605.505 3.49
469527.025 5016365.705 14.98
468839.5150000001 5016635.505 0.85
468867.025 5016635.505 1.39
468897.025 5016635.505 1.90
468927.025 5016635.505 1.37
468957.025 5016635.505 1.72
468987.025 5016635.505 1.59
469557.025 5016365.625 5.82
469017.025 5016635.505 3.20
469047.025 5016635.505 13.82
469077.025 5016635.505 18.59
469107.025 5016635.505 2.91
469137.025 5016635.505 5.61
469167.025 5016635.505 7.94
469197.025 5016635.505 3.59
469227.025 5016635.505 21.12
469257.0150000001 5016635.505 7.87
469287.025 5016635.505 1.04
469587.025 5016365.545 2.70
469317.0150000001 5016635.505 1.61
469347.025 5016635.505 1.17
469377.025 5016635.505 2.41
469407.025 5016635.505 14.80
469437.025 5016635.505 5.11
469467.025 5016635.505 2.95
469497.025 5016635.505 5.63
469527.025 5016635.505 4.05
469557.025 5016635.505 3.25
469587.025 5016635.505 2.42
469610.5150000001 5016365.505 2.53
469611.155 5016635.505 3.27
468839.07500000007 5016665.495 1.37
468867.025 5016665.505 1.24
468897.025 5016665.505 0.57
468927.025 5016665.505 0.72
468957.025 5016665.505 1.26
468987.03500000003 5016665.505 1.57
469017.025 5016665.495 1.45
469047.025 5016665.505 1.86
469077.025 5016665.505 3.58
469107.025 5016665.505 3.59
469137.025 5016665.505 18.44
469167.025 5016665.505 2.79
469197.025 5016665.505 5.35
469227.025 5016665.505 2.12
469257.025 5016665.505 2.65
469287.0150000001 5016665.505 5.74
469317.0150000001 5016665.505 3.25
469347.025 5016665.505 1.62
469377.0150000001 5016665.505 1.00
469407.0150000001 5016665.505 1.29
469437.025 5016665.505 1.43
469467.025 5016665.505 3.35
469497.025 5016665.505 1.57
469527.025 5016665.505 3.12
469557.025 5016665.505 4.92
469587.025 5016665.505 1.54
469611.23500000004 5016665.505 2.38
468839.82500000007 5016695.505 2.61
468867.025 5016695.505 2.85
468897.025 5016695.505 1.25
468927.025 5016695.505 0.84
468957.03500000003 5016695.505 1.40
468987.025 5016695.505 0.75
469017.025 5016695.505 1.03
469047.0150000001 5016695.505 1.41
469077.025 5016695.505 15.04
469107.025 5016695.505 4.71
469137.025 5016695.505 5.28
469167.025 5016695.505 12.52
469197.025 5016695.505 150.17
469227.025 5016695.505 39.80
469257.025 5016695.505 58.68
469287.0150000001 5016695.495 30.35
469317.0150000001 5016695.495 12.63
469347.025 5016695.495 2.25
469377.025 5016695.505 1.25
469407.025 5016695.505 1.30
469437.025 5016695.505 1.16
469467.025 5016695.505 0.82
469497.025 5016695.505 1.93
469527.025 5016695.495 1.88
469557.025 5016695.505 3.34
469586.98500000004 5016695.495 1.23
469611.2650000001 5016695.345 0.67
468841.38500000007 5016725.515 4.69
468867.025 5016725.505 4.61
468897.025 5016725.505 5.80
468927.025 5016725.505 1.05
468957.025 5016725.505 1.25
468987.025 5016725.505 2.61
469017.025 5016725.505 5.77
469047.025 5016725.505 4.02
469077.025 5016725.505 4.30
469107.025 5016725.505 59.50
469137.025 5016725.505 6.84
469167.025 5016725.505 5.92
469197.025 5016725.505 6.35
469227.025 5016725.505 18.87
469257.025 5016725.505 17.03
469287.0150000001 5016725.505 8.18
469317.03500000003 5016725.505 11.18
469347.0150000001 5016725.505 2.91
469377.025 5016725.505 41.30
469407.025 5016725.505 1.15
469437.025 5016725.505 1.28
469467.0150000001 5016725.505 2.07
469497.0150000001 5016725.505 2.05
469527.0150000001 5016725.495 1.11
469556.905 5016725.265 1.80
469586.93500000006 5016725.035 0.00
469611.66500000004 5016725.445 0.00
468838.34500000003 5016755.505 6.28
468867.025 5016755.505 9.69
468897.0150000001 5016755.505 8.43
468927.03500000003 5016755.505 3.98
468957.04500000004 5016755.505 2.39
468987.03500000003 5016755.505 4.19
469017.025 5016755.505 2.27
469047.025 5016755.505 2.25
469077.025 5016755.505 3.93
469107.025 5016755.505 10.88
469137.025 5016755.485 11.00
469167.025 5016755.505 11.72
469197.025 5016755.505 41.53
469227.0150000001 5016755.505 10.29
469257.04500000004 5016755.505 9.08
469287.025 5016755.505 7.63
469317.025 5016755.505 3.28
469347.0150000001 5016755.505 7.05
469377.04500000004 5016755.505 9.60
469407.025 5016755.505 5.03
469437.025 5016755.505 4.31
469467.025 5016755.505 4.07
469496.97500000003 5016755.535 13.16
469527.05500000005 5016755.505 2.12
469557.0150000001 5016755.635 5.39
469586.85500000004 5016755.535 0.00
469611.5150000001 5016755.495 0.00
468811.3350000001 5016791.375 0.00
468837.025 5016785.505 3.22
468867.025 5016785.505 7.49
468897.0150000001 5016785.505 11.98
468927.03500000003 5016785.515 0.54
468957.025 5016785.505 0.88
468987.025 5016785.505 1.59
469017.025 5016785.505 1.92
469047.025 5016785.505 0.75
469077.025 5016785.505 5.42
469107.025 5016785.505 13.43
469137.025 5016785.505 7.82
469167.025 5016785.505 12.41
469197.0150000001 5016785.505 7.82
469227.025 5016785.505 4.77
469257.025 5016785.505 7.64
469287.025 5016785.505 7.85
469317.025 5016785.505 2.97
469347.0150000001 5016785.505 5.68
469377.0150000001 5016785.505 6.42
469407.025 5016785.505 6.78
469437.025 5016785.505 7.72
469467.0150000001 5016785.505 2.93
469496.79500000004 5016785.485 12.12
469527.69500000007 5016785.435 0.00
469556.5850000001 5016785.515 0.00
469586.99500000005 5016785.545 0.00
469610.775 5016786.625 0.00
468787.41500000004 5016823.765 0.00
468807.025 5016815.535 2.69
468837.025 5016815.505 1.47
468867.0150000001 5016815.505 3.53
468897.025 5016815.515 1.23
468927.025 5016815.505 2.15
468957.025 5016815.505 1.05
468987.025 5016815.505 1.06
469017.025 5016815.505 0.53
469047.025 5016815.505 2.79
469077.025 5016815.505 3.71
469107.025 5016815.505 11.87
469137.025 5016815.505 8.14
469167.025 5016815.505 4.51
469197.025 5016815.505 10.93
469227.025 5016815.515 13.50
469257.025 5016815.505 7.12
469287.025 5016815.505 4.46
469317.025 5016815.505 5.81
469347.025 5016815.505 4.92
469210.4550000001 5016395.505 3.13
469377.0150000001 5016815.505 8.54
469407.025 5016815.505 5.35
469437.025 5016815.515 1.50
469466.9550000001 5016815.505 1.89
469497.025 5016815.525 0.00
469526.66500000004 5016815.675 0.00
469557.19500000007 5016815.645 0.00
469587.0150000001 5016815.475 0.00
469611.63500000007 5016815.515 0.00
469227.025 5016395.505 3.65
468779.91500000004 5016845.525 12.02
468807.0150000001 5016845.505 2.34
468837.025 5016845.505 2.30
468867.025 5016845.505 0.57
468897.025 5016845.485 0.79
468927.025 5016845.505 2.06
468957.025 5016845.515 0.99
469257.025 5016395.495 8.45
468987.0150000001 5016845.505 0.82
469017.025 5016845.505 0.64
469047.025 5016845.505 4.95
469077.025 5016845.505 20.74
469107.025 5016845.515 2.80
469137.025 5016845.505 4.70
469167.025 5016845.505 6.78
469197.025 5016845.505 0.80
469227.025 5016845.505 1.09
469257.025 5016845.505 2.79
469287.025 5016395.505 3.89
469287.025 5016845.505 4.33
469317.025 5016845.505 8.18
469347.0150000001 5016845.505 27.97
469377.025 5016845.485 5.53
469407.025 5016845.505 7.17
469437.025 5016845.505 2.83
469466.60500000004 5016845.115 0.00
469497.965 5016845.075 0.00
469526.965 5016844.625 0.00
469558.75500000006 5016845.565 2.34
469317.025 5016395.505 2.61
469587.0150000001 5016845.615 0.23
469611.66500000004 5016846.125 0.75
468777.2050000001 5016875.505 14.62
468807.025 5016875.515 4.03
468837.025 5016875.505 1.45
468867.025 5016875.505 1.13
469347.025 5016395.505 2.72
468897.025 5016875.505 0.58
468927.025 5016875.505 1.39
468957.025 5016875.515 1.57
468987.025 5016875.505 0.64
469017.025 5016875.505 0.83
469047.025 5016875.505 1.24
469077.025 5016875.505 10.74
469107.025 5016875.505 3.75
469137.025 5016875.505 11.53
469167.025 5016875.505 1.07
469377.025 5016395.505 1.73
469197.025 5016875.505 0.93
469227.025 5016875.505 0.99
469257.025 5016875.515 1.91
469287.025 5016875.505 11.17
469317.0150000001 5016875.505 13.10
469347.025 5016875.505 7.00
469377.025 5016875.505 10.76
469407.0150000001 5016875.505 3.83
469436.3350000001 5016875.505 0.99
469466.6450000001 5016875.615 0.00
469407.025 5016395.505 1.19
469496.81500000006 5016875.545 0.00
469527.11500000005 5016875.665 1.22
469557.025 5016875.505 1.68
469587.025 5016875.505 1.17
469611.73500000004 5016875.505 1.69
468759.72500000003 5016903.225 0.00
468778.47500000003 5016905.505 1.91
469437.025 5016395.505 6.45
468807.0150000001 5016905.505 2.10
468837.03500000003 5016905.505 1.24
468867.025 5016905.505 0.26
468897.025 5016905.505 0.68
468927.025 5016905.505 0.54
468957.025 5016905.505 0.77
468987.025 5016905.505 1.38
469017.025 5016905.505 1.04
469047.025 5016905.505 0.70
469077.025 5016905.505 12.36
469467.025 5016395.505 6.09
469107.025 5016905.505 3.60
469137.025 5016905.505 2.04
469167.025 5016905.505 1.66
469197.025 5016905.505 1.29
469227.025 5016905.505 0.97
469257.025 5016905.505 3.84
469287.025 5016905.505 34.54
469317.0150000001 5016905.505 5.05
469347.025 5016905.505 7.31
469377.04500000004 5016905.505 10.43
469497.025 5016395.505 61.92
469407.025 5016905.495 8.36
469436.97500000003 5016905.505 1.25
469466.92500000005 5016905.415 0.00
469497.44500000007 5016905.665 0.00
469527.025 5016905.505 0.33
469557.025 5016905.505 1.52
469587.025 5016905.505 1.10
469611.79500000004 5016905.505 1.36
468696.42500000005 5016946.825 0.00
469527.025 5016395.505 4.55
468702.465 5016947.555 0.00
468745.41500000004 5016943.655 0.00
468779.09500000003 5016935.495 4.79
468807.025 5016935.505 12.46
468837.025 5016935.505 1.50
468867.025 5016935.505 3.12
468897.025 5016935.505 2.28
468927.025 5016935.505 2.85
468957.025 5016935.505 2.17
468987.025 5016935.505 0.80
469557.025 5016395.505 3.79
469017.025 5016935.505 0.94
469047.025 5016935.505 1.77
469077.025 5016935.505 1.36
469107.025 5016935.495 0.38
469137.03500000003 5016935.505 1.32
469167.025 5016935.495 1.37
469197.025 5016935.485 3.54
469227.0150000001 5016935.505 17.27
469257.025 5016935.505 2.18
469287.025 5016935.505 6.36
469587.025 5016395.505 4.97
469317.0150000001 5016935.495 8.49
469347.025 5016935.505 23.25
469377.025 5016935.505 7.31
469407.00500000006 5016935.455 6.46
469436.8350000001 5016935.495 0.00
469467.025 5016935.785 0.29
469497.025 5016935.615 0.51
469527.025 5016935.505 1.11
469557.025 5016935.505 2.15
469587.025 5016935.485 0.61
469610.5850000001 5016395.505 5.67
469611.88500000007 5016935.335 0.45
468659.07500000007 5016968.685 2.59
468687.025 5016965.905 1.41
468713.48500000004 5016965.875 0.80
468779.84500000003 5016965.495 2.00
468807.025 5016965.505 2.05
468837.025 5016965.505 4.03
468867.025 5016965.505 1.30
468897.025 5016965.505 1.06
468927.025 5016965.505 1.45
468957.025 5016965.505 1.24
468987.025 5016965.505 0.59
469017.025 5016965.505 2.06
469047.025 5016965.505 4.65
469077.025 5016965.505 3.29
469107.03500000003 5016965.515 2.71
469137.025 5016965.505 5.07
469167.04500000004 5016965.435 1.01
469197.025 5016965.515 2.96
469227.025 5016965.515 3.74
469257.025 5016965.515 7.21
469287.025 5016965.505 7.93
469317.0150000001 5016965.535 6.86
469346.84500000003 5016965.335 3.46
469376.7650000001 5016965.595 2.57
469407.04500000004 5016965.525 6.43
469437.0150000001 5016965.505 0.80
469467.025 5016965.505 2.80
469497.025 5016965.505 0.03
469527.025 5016965.505 1.81
469557.025 5016965.505 1.71
469586.94500000007 5016965.465 1.83
469610.91500000004 5016965.805 0.00
468657.025 5016995.485 1.75
468687.025 5016995.505 0.92
468717.025 5016995.505 2.92
468743.10500000004 5017001.445 1.96
468779.86500000005 5016995.485 0.79
468807.025 5016995.505 1.60
468837.025 5016995.505 0.33
468867.025 5016995.505 1.24
468897.025 5016995.505 1.62
468927.025 5016995.505 0.46
468957.0150000001 5016995.505 0.90
468987.00500000006 5016995.445 1.48
469017.04500000004 5016995.505 0.84
469047.04500000004 5016995.505 1.08
469077.025 5016995.505 4.22
469106.8950000001 5016995.505 1.54
469137.11500000005 5016995.525 1.08
469167.025 5016995.505 2.19
469197.025 5016995.505 1.16
469227.025 5016995.505 1.57
469257.025 5016995.505 1.50
469287.025 5016995.505 19.06
469316.98500000004 5016995.505 2.64
469347.06500000006 5016995.685 1.09
469377.025 5016995.505 0.84
469407.025 5016995.505 1.05
469435.7050000001 5016995.485 1.82
469467.19500000007 5016995.455 0.56
469497.07500000007 5016995.485 0.81
469527.0150000001 5016995.415 1.27
469556.98500000004 5016995.465 2.40
469586.84500000003 5016995.525 0.83
469611.67500000005 5016995.145 0.00
468657.07500000007 5017025.505 2.32
468687.025 5017025.505 2.03
468717.025 5017025.505 1.72
468747.025 5017025.505 1.73
468777.0150000001 5017028.265 0.73
468807.025 5017025.505 1.35
468837.0150000001 5017025.505 0.99
468867.025 5017025.505 4.20
468897.025 5017025.505 2.38
468927.025 5017025.505 1.86
468957.025 5017025.505 2.88
468987.03500000003 5017025.515 2.07
469017.025 5017025.515 3.85
469047.0150000001 5017025.505 0.84
469077.025 5017025.505 1.58
469107.025 5017025.505 14.17
469137.025 5017025.515 27.21
469167.025 5017025.505 1.70
469197.025 5017025.505 1.45
469227.025 5017025.505 2.42
469257.025 5017025.505 2.64
469287.025 5017025.495 4.76
469317.03500000003 5017025.505 4.00
469347.025 5017025.505 1.25
469377.0150000001 5017025.505 2.93
469407.025 5017025.505 1.09
469436.9550000001 5017025.465 1.67
469467.18500000006 5017025.525 0.00
469497.05500000005 5017025.145 0.00
469527.3350000001 5017025.495 1.54
469556.60500000004 5017025.555 0.00
469586.78500000003 5017025.625 0.00
469612.3950000001 5017025.495 0.00
468657.13500000007 5017055.505 3.50
468687.025 5017055.505 4.74
468717.025 5017055.515 4.73
468747.025 5017055.505 3.76
468777.025 5017055.505 3.32
468807.025 5017055.505 1.43
468837.025 5017055.505 1.53
468867.025 5017055.505 3.06
468897.025 5017055.505 2.84
468927.025 5017055.505 1.06
468957.025 5017055.505 3.36
468987.025 5017055.505 3.01
469017.0150000001 5017055.495 2.20
469047.025 5017055.505 1.14
469077.025 5017055.515 2.80
469107.025 5017055.505 3.32
469137.025 5017055.515 7.66
469167.025 5017055.505 2.55
469197.025 5017055.505 0.95
469227.025 5017055.505 5.45
469257.025 5017055.505 2.19
469287.025 5017055.505 3.44
469317.03500000003 5017055.505 3.98
469347.0150000001 5017055.505 1.64
469377.025 5017055.505 3.16
469407.025 5017055.505 2.31
469437.00500000006 5017055.505 1.96
469466.9550000001 5017055.225 0.00
469497.28500000003 5017055.575 0.00
469527.09500000003 5017055.465 0.00
469556.85500000004 5017055.465 0.00
469586.74500000005 5017055.525 0.00
469612.00500000006 5017054.505 0.00
468657.215 5017085.505 528.33
468687.025 5017085.505 16.95
468717.0150000001 5017085.505 5.59
468747.025 5017085.505 3.26
468777.025 5017085.505 3.47
468807.025 5017085.505 1.90
468837.025 5017085.505 6.18
468867.025 5017085.505 2.90
468897.0150000001 5017085.505 2.78
468927.025 5017085.505 3.55
468957.025 5017085.505 4.58
468987.025 5017085.505 3.51
469016.7650000001 5017085.505 2.69
469047.025 5017085.505 12.87
469077.025 5017085.505 1.56
469107.025 5017085.505 1.95
469137.025 5017085.505 3.91
469167.025 5017085.505 2.55
469197.025 5017085.505 3.15
469227.0150000001 5017085.515 4.60
469257.0150000001 5017085.505 4.03
469287.03500000003 5017085.505 3.02
469317.025 5017085.505 5.55
469347.025 5017085.505 0.78
469377.025 5017085.505 0.96
469407.025 5017085.505 3.50
469436.9550000001 5017085.505 2.19
469466.965 5017085.345 0.00
469497.1450000001 5017085.345 0.00
469527.07500000007 5017085.555 0.93
469556.405 5017085.505 2.86
469587.12500000006 5017085.015 0.00
469612.38500000007 5017086.015 0.00
468657.29500000004 5017115.505 5.97
468687.025 5017115.505 20.81
468717.025 5017115.505 6.51
468747.0150000001 5017115.505 4.36
468777.025 5017115.505 3.82
468807.025 5017115.505 3.85
468837.025 5017115.505 4.11
468867.025 5017115.505 2.47
468897.03500000003 5017115.505 3.96
468927.025 5017115.505 10.64
468957.025 5017115.505 5.26
468987.0150000001 5017115.505 4.50
469017.025 5017115.505 20.89
469047.025 5017115.505 6.25
469077.025 5017115.505 8.81
469107.025 5017115.505 1.70
469137.025 5017115.505 4.77
469167.025 5017115.505 4.78
469197.025 5017115.505 8.00
469227.025 5017115.505 4.53
469257.025 5017115.505 6.71
469287.025 5017115.505 4.96
469317.0150000001 5017115.505 5.89
469347.025 5017115.505 0.60
469210.465 5016425.505 4.73
469377.03500000003 5017115.505 1.18
469406.9550000001 5017115.505 3.17
469436.86500000005 5017115.325 0.00
469467.07500000007 5017115.505 0.00
469497.07500000007 5017116.845 0.00
469527.47500000003 5017115.485 1.57
469557.0150000001 5017115.505 3.84
469587.025 5017115.795 0.99
469612.31500000006 5017115.505 1.64
468657.37500000006 5017145.505 3.62
469227.025 5016425.505 2.11
468687.025 5017145.505 50.32
468717.025 5017145.505 8.60
468747.025 5017145.505 4.85
468777.025 5017145.505 27.72
468807.025 5017145.505 3.08
468837.025 5017145.505 1.69
468867.025 5017145.505 1.67
468897.025 5017145.505 1.96
468927.025 5017145.505 2.72
468957.025 5017145.505 6.00
469257.0150000001 5016425.505 1.98
468987.025 5017145.505 4.23
469017.025 5017145.495 2.40
469047.025 5017145.505 4.02
469077.025 5017145.505 2.60
469107.025 5017145.505 3.51
469137.025 5017145.505 5.06
469167.025 5017145.505 4.89
469197.025 5017145.505 3.34
469227.025 5017145.505 2.39
469257.025 5017145.505 2.23
469287.0150000001 5016425.505 1.35
469287.025 5017145.505 3.03
469317.025 5017145.505 5.77
469347.0150000001 5017145.445 2.08
469377.03500000003 5017145.505 1.72
469406.81500000006 5017145.525 3.16
469437.2650000001 5017145.515 0.05
469466.3950000001 5017145.285 1.29
469497.025 5017145.3549999995 0.00
469527.16500000004 5017145.515 1.46
469557.025 5017145.505 6.14
469317.04500000004 5016425.505 8.44
469587.025 5017145.505 2.01
469612.37500000006 5017145.505 1.23
468657.43500000006 5017175.505 3.42
468687.025 5017175.505 14.36
468717.025 5017175.505 10.15
468747.025 5017175.505 3.21
468777.025 5017175.505 7.02
468807.025 5017175.505 12.72
468837.025 5017175.505 5.33
468867.025 5017175.505 2.63
469347.025 5016425.505 0.49
468897.025 5017175.505 6.63
468927.025 5017175.475 2.31
468957.0150000001 5017175.505 3.14
468987.025 5017175.505 8.18
469017.025 5017175.505 2.37
469047.025 5017175.505 0.62
469077.025 5017175.505 1.29
469107.025 5017175.505 1.53
469137.025 5017175.505 4.47
469167.025 5017175.505 4.55
469377.0150000001 5016425.505 0.87
469197.025 5017175.505 2.37
469227.025 5017175.505 1.79
469257.0150000001 5017175.505 2.24
469287.025 5017175.505 2.43
469317.025 5017175.505 1.64
469346.72500000003 5017175.505 1.27
469376.91500000004 5017175.415 0.00
469407.03500000003 5017175.125 1.33
469437.07500000007 5017175.755 1.10
469467.06500000006 5017175.545 5.52
469407.025 5016425.505 1.01
469497.34500000003 5017176.295 0.00
469527.3950000001 5017175.505 1.14
469557.025 5017175.505 1.69
469587.025 5017175.505 0.89
469612.34500000003 5017175.515 0.84
468657.5150000001 5017205.505 32.76
468687.025 5017205.505 7.29
468717.025 5017205.505 45.03
468747.025 5017205.505 5.72
468777.025 5017205.505 15.87
469437.025 5016425.505 0.93
468807.025 5017205.515 10.19
468837.025 5017205.505 9.22
468867.025 5017205.505 4.03
468897.025 5017205.505 113.56
468927.0150000001 5017205.515 1.00
468957.03500000003 5017205.505 1.67
468987.025 5017205.515 0.74
469017.025 5017205.505 12.27
469047.025 5017205.505 1.29
469077.025 5017205.505 1.78
469467.025 5016425.505 1.56
469107.025 5017205.505 1.50
469137.025 5017205.505 3.96
469167.025 5017205.505 1.37
469197.025 5017205.505 1.49
469227.0150000001 5017205.505 1.97
469257.025 5017205.505 2.22
469287.025 5017205.505 1.96
469317.025 5017205.505 2.13
469347.025 5017205.8549999995 1.56
469376.38500000007 5017205.6049999995 2.98
469497.025 5016425.505 1.04
469407.025 5017205.745 0.00
469436.72500000003 5017205.455 2.69
469467.48500000004 5017205.515 1.20
469497.025 5017205.555 0.21
469527.025 5017205.515 1.57
469557.025 5017205.505 1.64
469587.025 5017205.505 0.49
469612.5150000001 5017205.505 0.56
468657.59500000003 5017235.505 26.46
468687.025 5017235.505 5.86
469527.025 5016425.505 1.39
468717.025 5017235.505 2.67
468747.025 5017235.505 16.23
468777.025 5017235.505 17.60
468807.025 5017235.505 4.81
468837.025 5017235.505 4.86
468867.025 5017235.505 6.53
468897.025 5017235.505 19.88
468927.025 5017235.505 2.85
468957.03500000003 5017235.505 6.15
468987.025 5017235.505 2.46
469557.025 5016425.505 2.51
469017.025 5017235.485 11.36
469047.025 5017235.505 6.30
469077.03500000003 5017235.505 1.50
469107.025 5017235.505 1.22
469137.025 5017235.505 1.64
469167.025 5017235.505 2.00
469197.025 5017235.495 1.90
469227.025 5017235.505 3.50
469257.025 5017235.505 1.63
469287.0150000001 5017235.505 2.42
469587.0150000001 5016425.505 2.63
469317.025 5017235.505 1.52
469347.025 5017235.505 0.89
469377.025 5017235.535 1.08
469407.025 5017235.535 0.25
469437.025 5017235.565 0.52
469467.025 5017235.505 1.50
469497.025 5017235.505 1.35
469527.025 5017235.505 1.14
469557.025 5017235.505 1.34
469587.025 5017235.505 0.09
469610.655 5016425.505 2.41
469612.60500000004 5017235.505 1.83
468657.69500000007 5017265.505 11.65
468687.025 5017265.505 3.32
468717.025 5017265.505 4.90
468747.025 5017265.505 7.17
468777.025 5017265.505 3.26
468807.025 5017265.505 16.81
468837.025 5017265.505 5.34
468867.025 5017265.505 15.60
468897.025 5017265.505 4.26
