469434.85 5016375.28 0.8217
469704.85 5016375.28 0.8217
469854.85 5016525.28 0.8233
469884.85 5016525.28 0.8218
469404.85 5016555.28 0.825
469434.85 5016555.28 0.8227
469464.85 5016555.28 0.8217
469494.85 5016555.28 0.8217
469524.85 5016555.28 0.8218
469554.85 5016555.28 0.8217
469584.85 5016555.28 0.8219
469614.85 5016555.28 0.8217
469734.85 5016375.28 0.8217
469644.85 5016555.28 0.8217
469674.85 5016555.28 0.8218
469704.85 5016555.28 0.822
469734.85 5016555.28 0.8217
469764.85 5016555.28 0.8217
469794.85 5016555.28 0.8221
469824.85 5016555.28 0.8219
469854.85 5016555.28 0.8218
469884.85 5016555.28 0.822
469404.85 5016585.28 0.825
469764.85 5016375.28 0.8218
469434.85 5016585.28 0.8217
469464.85 5016585.28 0.8218
469494.85 5016585.28 0.8217
469524.85 5016585.28 0.8217
469554.85 5016585.28 0.8219
469584.85 5016585.28 0.8218
469614.85 5016585.28 0.8217
469644.85 5016585.28 0.8219
469674.85 5016585.28 0.8218
469704.85 5016585.28 0.8218
469794.85 5016375.28 0.8218
469734.85 5016585.28 0.8219
469764.85 5016585.28 0.822
469794.85 5016585.28 0.8218
469824.85 5016585.28 0.8224
469854.85 5016585.28 0.8217
469884.85 5016585.28 0.823
469404.85 5016615.28 0.825
469434.85 5016615.28 0.8218
469464.85 5016615.28 0.8219
469494.85 5016615.28 0.8219
469824.85 5016375.28 0.8217
469524.85 5016615.28 0.8217
469554.85 5016615.28 0.8217
469584.85 5016615.28 0.8218
469614.85 5016615.28 0.8218
469644.85 5016615.28 0.8221
469674.85 5016615.28 0.8217
469704.85 5016615.28 0.8217
469734.85 5016615.28 0.8218
469764.85 5016615.28 0.8219
469794.85 5016615.28 0.8247
469854.85 5016375.28 0.8217
469824.85 5016615.28 0.8219
469854.85 5016615.28 0.8217
469884.85 5016615.28 0.8218
469404.85 5016645.28 0.8251
469434.85 5016645.28 0.822
469464.85 5016645.28 0.8217
469494.85 5016645.28 0.8219
469524.85 5016645.28 0.8218
469554.85 5016645.28 0.8217
469584.85 5016645.28 0.8231
469884.85 5016375.28 0.8221
469614.85 5016645.28 0.8231
469644.85 5016645.28 0.8219
469674.85 5016645.28 0.8235
469704.85 5016645.28 0.8257
469734.85 5016645.28 0.8281
469764.85 5016645.28 0.8341
469794.85 5016645.28 0.8376
469824.85 5016645.28 0.8429
469854.85 5016645.28 0.839
469884.85 5016645.28 0.8373
469404.85 5016405.28 0.8262
469404.85 5016675.28 0.866
469434.85 5016675.28 0.8217
469464.85 5016675.28 0.822
469494.85 5016675.28 0.8217
469524.85 5016675.28 0.8217
469554.85 5016675.28 0.8217
469584.85 5016675.28 0.822
469614.85 5016675.28 0.8258
469644.85 5016675.28 0.8384
469674.85 5016675.28 0.8411
469434.85 5016405.28 0.8217
469704.85 5016675.28 0.8771
469734.85 5016675.28 0.8791
469764.85 5016675.28 0.8837
469794.85 5016675.28 0.9032
469824.85 5016675.28 0.8988
469854.85 5016675.28 0.8801
469884.85 5016675.28 0.8928
469404.85 5016705.28 0.9153
469434.85 5016705.28 0.822
469464.85 5016705.28 0.8218
469464.85 5016405.28 0.8217
469494.85 5016705.28 0.8218
469524.85 5016705.28 0.8233
469554.85 5016705.28 0.8384
469584.85 5016705.28 0.8535
469614.85 5016705.28 0.8735
469644.85 5016705.28 0.868
469674.85 5016705.28 0.8792
469704.85 5016705.28 0.9206
469734.85 5016705.28 0.9242
469764.85 5016705.28 0.9005
469464.85 5016375.28 0.8217
469494.85 5016405.28 0.8217
469794.85 5016705.28 0.886
469824.85 5016705.28 0.8968
469854.85 5016705.28 0.863
469884.85 5016705.28 0.8827
469404.85 5016735.28 0.9087
469434.85 5016735.28 0.8218
469464.85 5016735.28 0.8217
469494.85 5016735.28 0.8396
469524.85 5016735.28 0.854
469554.85 5016735.28 0.8836
469524.85 5016405.28 0.8217
469584.85 5016735.28 0.9102
469614.85 5016735.28 0.89
469644.85 5016735.28 0.8926
469674.85 5016735.28 0.864
469704.85 5016735.28 0.9006
469734.85 5016735.28 0.8985
469764.85 5016735.28 0.863
469794.85 5016735.28 0.876
469824.85 5016735.28 0.8743
469854.85 5016735.28 0.8728
469554.85 5016405.28 0.8217
469884.85 5016735.28 0.8635
469404.85 5016765.28 0.9203
469434.85 5016765.28 0.822
469464.85 5016765.28 0.8224
469494.85 5016765.28 0.8436
469524.85 5016765.28 0.8925
469554.85 5016765.28 0.909
469584.85 5016765.28 0.9182
469614.85 5016765.28 0.9145
469644.85 5016765.28 0.888
469584.85 5016405.28 0.8217
469674.85 5016765.28 0.8783
469704.85 5016765.28 0.8728
469734.85 5016765.28 0.876
469764.85 5016765.28 0.8507
469794.85 5016765.28 0.8608
469824.85 5016765.28 0.8493
469854.85 5016765.28 0.864
469884.85 5016765.28 0.895
469404.85 5016795.28 0.9334
469434.85 5016795.28 0.8227
469614.85 5016405.28 0.8218
469464.85 5016795.28 0.8576
469494.85 5016795.28 0.8996
469524.85 5016795.28 0.9333
469554.85 5016795.28 0.923
469584.85 5016795.28 0.8955
469614.85 5016795.28 0.9198
469644.85 5016795.28 0.9064
469674.85 5016795.28 0.8778
469704.85 5016795.28 0.8849
469734.85 5016795.28 0.919
469644.85 5016405.28 0.822
469764.85 5016795.28 0.8957
469794.85 5016795.28 0.8427
469824.85 5016795.28 0.8518
469854.85 5016795.28 0.9163
469884.85 5016795.28 0.8841
469404.85 5016825.28 0.8871
469434.85 5016825.28 0.8227
469464.85 5016825.28 0.8831
469494.85 5016825.28 0.9272
469524.85 5016825.28 0.9096
469674.85 5016405.28 0.8217
469554.85 5016825.28 0.9107
469584.85 5016825.28 0.9353
469614.85 5016825.28 0.9201
469644.85 5016825.28 0.8978
469674.85 5016825.28 0.8263
469704.85 5016825.28 0.8217
469734.85 5016825.28 0.8217
469764.85 5016825.28 0.8309
469794.85 5016825.28 0.8674
469824.85 5016825.28 0.8603
469704.85 5016405.28 0.8226
469854.85 5016825.28 0.8336
469884.85 5016825.28 0.8345
469404.85 5016855.28 0.852
469434.85 5016855.28 0.8784
469464.85 5016855.28 0.8798
469494.85 5016855.28 0.8833
469524.85 5016855.28 0.899
469554.85 5016855.28 0.8843
469584.85 5016855.28 0.8897
469614.85 5016855.28 0.9014
469734.85 5016405.28 0.8219
469644.85 5016855.28 0.9051
469674.85 5016855.28 0.8853
469704.85 5016855.28 0.8799
469734.85 5016855.28 0.8816
469764.85 5016855.28 0.9142
469794.85 5016855.28 0.8889
469824.85 5016855.28 0.8879
469854.85 5016855.28 0.88
469884.85 5016855.28 0.8783
469404.85 5016885.28 0.8818
469764.85 5016405.28 0.8218
469494.85 5016375.28 0.8218
469794.85 5016405.28 0.8218
469824.85 5016405.28 0.8223
469854.85 5016405.28 0.8217
469884.85 5016405.28 0.8218
469404.85 5016435.28 0.8276
469434.85 5016435.28 0.8218
469464.85 5016435.28 0.8218
469494.85 5016435.28 0.8217
469524.85 5016435.28 0.8217
469554.85 5016435.28 0.8217
469524.85 5016375.28 0.8217
469584.85 5016435.28 0.8222
469614.85 5016435.28 0.8218
469644.85 5016435.28 0.8217
469674.85 5016435.28 0.8219
469704.85 5016435.28 0.822
469734.85 5016435.28 0.8217
469764.85 5016435.28 0.8217
469794.85 5016435.28 0.8217
469824.85 5016435.28 0.8217
469854.85 5016435.28 0.8217
469554.85 5016375.28 0.8225
469884.85 5016435.28 0.8222
469404.85 5016465.28 0.825
469434.85 5016465.28 0.8222
469464.85 5016465.28 0.8217
469494.85 5016465.28 0.8217
469524.85 5016465.28 0.8217
469554.85 5016465.28 0.8217
469584.85 5016465.28 0.8217
469614.85 5016465.28 0.8218
469644.85 5016465.28 0.8218
469584.85 5016375.28 0.8217
469674.85 5016465.28 0.8217
469704.85 5016465.28 0.8217
469734.85 5016465.28 0.8217
469764.85 5016465.28 0.8217
469794.85 5016465.28 0.8217
469824.85 5016465.28 0.8218
469854.85 5016465.28 0.8217
469884.85 5016465.28 0.8217
469404.85 5016495.28 0.8254
469434.85 5016495.28 0.8217
469614.85 5016375.28 0.8219
469464.85 5016495.28 0.822
469494.85 5016495.28 0.8217
469524.85 5016495.28 0.8217
469554.85 5016495.28 0.8217
469584.85 5016495.28 0.8217
469614.85 5016495.28 0.8217
469644.85 5016495.28 0.8219
469674.85 5016495.28 0.8217
469704.85 5016495.28 0.822
469734.85 5016495.28 0.8217
469644.85 5016375.28 0.822
469764.85 5016495.28 0.8217
469794.85 5016495.28 0.8219
469824.85 5016495.28 0.8219
469854.85 5016495.28 0.8218
469884.85 5016495.28 0.8217
469404.85 5016525.28 0.8255
469434.85 5016525.28 0.8217
469464.85 5016525.28 0.8217
469494.85 5016525.28 0.8218
469524.85 5016525.28 0.8217
469674.85 5016375.28 0.822
469554.85 5016525.28 0.8217
469584.85 5016525.28 0.8222
469614.85 5016525.28 0.8218
469644.85 5016525.28 0.8218
469674.85 5016525.28 0.8217
469704.85 5016525.28 0.8217
469734.85 5016525.28 0.8219
469764.85 5016525.28 0.8217
469794.85 5016525.28 0.8217
469824.85 5016525.28 0.8217
