469434.83999999997 5016375.275 2.28
469704.85 5016375.275 8.83
469854.83999999997 5016525.275 2.92
469884.83999999997 5016525.275 10.36
469909.83999999997 5016525.275 5.25
469434.83999999997 5016555.275 1.25
469464.83999999997 5016555.275 10.63
469494.83999999997 5016555.275 1.42
469524.83999999997 5016555.275 1.95
469554.83999999997 5016555.275 2.39
469584.83999999997 5016555.275 2.16
469614.85 5016555.275 2.06
469734.83999999997 5016375.275 10.50
469644.83999999997 5016555.275 8.61
469674.83999999997 5016555.275 2.00
469704.85 5016555.275 3.58
469734.83999999997 5016555.275 5.76
469764.83999999997 5016555.275 1.57
469794.85 5016555.275 3.15
469824.83999999997 5016555.275 2.50
469854.83999999997 5016555.275 2.06
469884.83999999997 5016555.275 10.59
469909.83999999997 5016555.275 15.02
469764.83999999997 5016375.275 1.64
469434.83999999997 5016585.275 8.62
469464.83999999997 5016585.275 15.86
469494.83999999997 5016585.275 12.68
469524.83999999997 5016585.275 3.70
469554.83999999997 5016585.275 2.81
469584.83999999997 5016585.275 2.25
469614.85 5016585.275 14.77
469644.83999999997 5016585.275 4.54
469674.83999999997 5016585.275 11.40
469704.85 5016585.275 3.45
469794.85 5016375.275 7.41
469734.83999999997 5016585.275 3.13
469764.83999999997 5016585.275 2.96
469794.85 5016585.275 4.68
469824.83999999997 5016585.275 1.42
469854.83999999997 5016585.275 30.49
469884.83999999997 5016585.275 3.58
469909.85 5016585.275 9.92
469434.83999999997 5016615.275 5.75
469464.83999999997 5016615.275 7.92
469494.83999999997 5016615.275 69.20
469824.83999999997 5016375.275 8.92
469524.83999999997 5016615.275 5.84
469554.83999999997 5016615.275 4.81
469584.83999999997 5016615.275 5.35
469614.85 5016615.275 3.62
469644.83999999997 5016615.275 2.66
469674.83999999997 5016615.275 5.37
469704.85 5016615.275 2.64
469734.83999999997 5016615.275 7.71
469764.83999999997 5016615.275 1.38
469794.85 5016615.275 8.77
469854.83999999997 5016375.275 1.83
469824.83999999997 5016615.275 3.51
469854.83999999997 5016615.275 6.62
469884.83999999997 5016615.275 2.22
469909.85 5016615.275 21.45
469434.83999999997 5016645.275 51.08
469464.83999999997 5016645.275 5.85
469494.83999999997 5016645.275 4.55
469524.83999999997 5016645.275 41.41
469554.83999999997 5016645.275 12.64
469584.83999999997 5016645.275 1.93
469884.83999999997 5016375.275 1.96
469614.85 5016645.275 1.40
469644.83999999997 5016645.275 1.18
469674.83999999997 5016645.275 0.94
469704.85 5016645.275 1.65
469734.83999999997 5016645.275 3.32
469764.83999999997 5016645.275 7.96
469794.85 5016645.265000001 1.49
469824.83999999997 5016645.195 11.28
469854.83999999997 5016645.275 28.00
469884.83999999997 5016645.275 4.02
469909.85 5016375.275 2.11
469909.83999999997 5016645.265000001 16.40
469434.83999999997 5016675.275 1.28
469464.83999999997 5016675.275 1.03
469494.83999999997 5016675.275 1.75
469524.83999999997 5016675.275 2.67
469554.83999999997 5016675.275 3.86
469584.83999999997 5016675.275 1.55
469614.85 5016675.275 2.06
469644.83999999997 5016675.275 1.55
469674.82999999996 5016675.275 0.91
469434.83999999997 5016405.275 6.58
469704.85 5016675.285 0.79
469734.85 5016675.275 0.58
469764.83999999997 5016675.275 1.08
469794.83999999997 5016675.295 0.98
469824.83999999997 5016675.245 1.51
469854.86 5016675.275 1.04
469884.83999999997 5016675.275 1.85
469909.76999999996 5016675.265000001 1.23
469434.83999999997 5016705.275 1.05
469464.83999999997 5016705.275 1.41
469464.83999999997 5016405.275 34.55
469494.83999999997 5016705.275 2.00
469524.83999999997 5016705.275 1.76
469554.83999999997 5016705.265000001 1.86
469584.83999999997 5016705.275 1.09
469614.85 5016705.275 3.45
469644.83999999997 5016705.285 1.07
469674.85 5016705.275 1.27
469704.85 5016705.095000001 0.90
469734.83999999997 5016705.265000001 1.01
469764.86 5016705.265000001 1.00
469464.83999999997 5016375.275 34.99
469494.83999999997 5016405.275 4.41
469794.85 5016705.275 0.84
469824.83999999997 5016705.315 1.24
469854.81 5016705.275 1.39
469884.83999999997 5016705.235 1.16
469909.83999999997 5016705.265000001 1.44
469434.83999999997 5016735.275 2.77
469464.83999999997 5016735.275 2.21
469494.83999999997 5016735.275 1.66
469524.83999999997 5016735.225000001 1.17
469554.86 5016735.275 0.90
469524.83999999997 5016405.275 9.53
469584.83999999997 5016735.335 1.00
469614.85 5016735.275 1.13
469644.83999999997 5016735.275 1.05
469674.83999999997 5016735.275 1.06
469704.85 5016735.555000001 1.24
469734.85 5016735.275 1.49
469764.86 5016735.275 1.91
469794.85 5016735.275 1.28
469824.83999999997 5016735.275 1.41
469854.83999999997 5016735.275 1.89
469554.83999999997 5016405.275 14.20
469884.83999999997 5016735.275 1.67
469909.83999999997 5016735.275 2.71
469434.83999999997 5016765.275 2.88
469464.83999999997 5016765.275 2.21
469494.83999999997 5016765.075 2.01
469524.87 5016765.285 1.37
469554.74 5016765.265000001 1.31
469584.85 5016765.275 1.99
469614.86 5016765.275 1.03
469644.83999999997 5016765.265000001 1.15
469584.83999999997 5016405.275 3.20
469674.85 5016765.275 1.38
469704.85 5016765.275 1.19
469734.83999999997 5016765.265000001 0.90
469764.83999999997 5016765.265000001 1.82
469794.85 5016765.275 0.99
469824.83999999997 5016765.275 1.39
469854.83999999997 5016765.275 1.45
469884.83999999997 5016765.265000001 1.19
469909.87 5016765.285 1.28
469434.83999999997 5016795.275 2.48
469614.85 5016405.275 1.18
469464.83999999997 5016795.275 2.16
469494.83999999997 5016795.725000001 1.65
469524.83999999997 5016795.275 1.29
469554.83999999997 5016795.265000001 1.00
469584.83999999997 5016795.275 1.06
469614.87 5016794.105 1.91
469644.83999999997 5016795.265000001 1.48
469674.83999999997 5016795.275 1.38
469704.83999999997 5016795.285 1.19
469734.83999999997 5016795.285 1.51
469644.83999999997 5016405.275 2.39
469764.85 5016794.425000001 1.59
469794.85 5016795.275 1.71
469824.79 5016795.275 2.15
469854.83999999997 5016795.275 1.64
469884.83999999997 5016795.275 1.60
469909.83999999997 5016795.275 1.42
469434.83999999997 5016825.275 4.59
469464.82999999996 5016825.275 3.07
469494.83999999997 5016825.305000001 2.03
469524.82999999996 5016825.305000001 0.79
469674.83999999997 5016405.275 2.20
469554.81999999995 5016825.285 1.47
469584.86 5016825.275 1.99
469614.85 5016825.635000001 0.71
469644.82999999996 5016825.295 1.06
469674.83999999997 5016825.275 0.89
469704.85 5016825.275 0.95
469734.83999999997 5016825.275 0.89
469764.83999999997 5016825.445 1.30
469794.85 5016825.275 5.07
469824.83999999997 5016825.275 1.00
469704.85 5016405.275 2.38
469854.83999999997 5016825.275 0.90
469884.83999999997 5016825.275 1.16
469909.83999999997 5016825.285 2.92
469434.83999999997 5016850.275 3.33
469464.83999999997 5016850.275 0.76
469494.83999999997 5016850.275 0.92
469524.83999999997 5016850.275 0.50
469554.83999999997 5016850.275 0.71
469584.83999999997 5016850.295 0.50
469614.85 5016850.315 0.77
469734.83999999997 5016405.275 1.12
469644.83999999997 5016850.275 1.35
469674.83999999997 5016850.275 1.00
469704.85 5016850.275 1.43
469734.83999999997 5016850.275 0.91
469764.83999999997 5016850.275 1.23
469794.85 5016850.275 0.76
469824.86 5016850.285 1.53
469854.83999999997 5016850.275 4.18
469884.83999999997 5016850.275 6.79
469909.83999999997 5016850.275 26.81
469764.83999999997 5016405.275 2.16
469494.83999999997 5016375.275 13.39
469794.85 5016405.275 1.84
469824.83999999997 5016405.275 2.69
469854.83999999997 5016405.275 1.53
469884.83999999997 5016405.275 1.20
469909.83999999997 5016405.275 5.05
469434.83999999997 5016435.275 0.65
469464.83999999997 5016435.275 1.81
469494.83999999997 5016435.275 6.01
469524.83999999997 5016435.275 1.54
469554.83999999997 5016435.275 3.03
469524.83999999997 5016375.275 51.85
469584.83999999997 5016435.275 1.11
469614.85 5016435.275 1.27
469644.83999999997 5016435.275 1.28
469674.83999999997 5016435.275 0.69
469704.85 5016435.275 1.34
469734.83999999997 5016435.275 1.27
469764.83999999997 5016435.275 1.31
469794.85 5016435.275 239.22
469824.83999999997 5016435.275 0.49
469854.83999999997 5016435.275 3.14
469554.83999999997 5016375.275 6.24
469884.83999999997 5016435.275 3.37
469909.83999999997 5016435.275 5.06
469434.83999999997 5016465.275 1.08
469464.83999999997 5016465.275 1.76
469494.83999999997 5016465.275 8.01
469524.83999999997 5016465.275 5.13
469554.83999999997 5016465.275 2.09
469584.83999999997 5016465.275 1.38
469614.85 5016465.275 0.97
469644.83999999997 5016465.275 1.02
469584.83999999997 5016375.275 5.03
469674.83999999997 5016465.275 4.27
469704.85 5016465.275 0.92
469734.83999999997 5016465.275 1.65
469764.83999999997 5016465.275 0.90
469794.85 5016465.275 0.86
469824.83999999997 5016465.275 1.67
469854.83999999997 5016465.275 4.12
469884.83999999997 5016465.275 3.08
469909.83999999997 5016465.275 5.52
469434.83999999997 5016495.275 1.57
469614.85 5016375.275 92.88
469464.83999999997 5016495.275 1.29
469494.83999999997 5016495.275 1.41
469524.83999999997 5016495.275 2.20
469554.83999999997 5016495.275 1.82
469584.83999999997 5016495.275 0.51
469614.85 5016495.275 1.11
469644.83999999997 5016495.275 2.55
469674.83999999997 5016495.275 1.29
469704.85 5016495.275 1.08
469734.83999999997 5016495.275 1.10
469644.83999999997 5016375.275 1.20
469764.83999999997 5016495.275 15.66
469794.85 5016495.275 5.80
469824.83999999997 5016495.275 3.61
469854.83999999997 5016495.275 10.71
469884.83999999997 5016495.275 5.90
469909.83999999997 5016495.275 2.91
469434.83999999997 5016525.275 1.73
469464.83999999997 5016525.275 3.04
469494.83999999997 5016525.275 5.21
469524.83999999997 5016525.275 7.14
469674.83999999997 5016375.275 2.41
469554.83999999997 5016525.275 8.54
469584.83999999997 5016525.275 2.33
469614.85 5016525.275 6.07
469644.83999999997 5016525.275 4.39
469674.83999999997 5016525.275 11.54
469704.85 5016525.275 2.59
469734.83999999997 5016525.275 3.61
469764.83999999997 5016525.275 4.92
469794.85 5016525.275 4.37
469824.83999999997 5016525.275 2.94
