472934.85 5014375.28 0.8245
473204.85 5014375.28 0.8222
473354.85 5014525.28 0.8251
473384.85 5014525.28 0.8246
472904.85 5014555.28 0.8322
472934.85 5014555.28 0.8354
472964.85 5014555.28 0.8236
472994.85 5014555.28 0.8241
473024.85 5014555.28 0.8241
473054.85 5014555.28 0.8236
473084.85 5014555.28 0.8228
473114.85 5014555.28 0.8229
473234.85 5014375.28 0.8225
473144.85 5014555.28 0.8227
473174.85 5014555.28 0.8226
473204.85 5014555.28 0.8229
473234.85 5014555.28 0.8228
473264.85 5014555.28 0.823
473294.85 5014555.28 0.8236
473324.85 5014555.28 0.8226
473354.85 5014555.28 0.8236
473384.85 5014555.28 0.8232
472904.85 5014585.28 0.8293
473264.85 5014375.28 0.8224
472934.85 5014585.28 0.8323
472964.85 5014585.28 0.8721
472994.85 5014585.28 0.825
473024.85 5014585.28 0.8243
473054.85 5014585.28 0.8233
473084.85 5014585.28 0.8229
473114.85 5014585.28 0.8225
473144.85 5014585.28 0.823
473174.85 5014585.28 0.8228
473204.85 5014585.28 0.8226
473294.85 5014375.28 0.8219
473234.85 5014585.28 0.8229
473264.85 5014585.28 0.8228
473294.85 5014585.28 0.823
473324.85 5014585.28 0.8226
473354.85 5014585.28 0.8221
473384.85 5014585.28 0.8229
472904.85 5014615.28 0.8282
472934.85 5014615.28 0.8254
472964.85 5014615.28 0.8934
472994.85 5014615.28 0.8506
473324.85 5014375.28 0.8226
473024.85 5014615.28 0.8252
473054.85 5014615.28 0.8231
473084.85 5014615.28 0.8237
473114.85 5014615.28 0.823
473144.85 5014615.28 0.8227
473174.85 5014615.28 0.8224
473204.85 5014615.28 0.8225
473234.85 5014615.28 0.8227
473264.85 5014615.28 0.8227
473294.85 5014615.28 0.823
473354.85 5014375.28 0.8224
473324.85 5014615.28 0.823
473354.85 5014615.28 0.823
473384.85 5014615.28 0.8238
472904.85 5014645.28 0.8285
472934.85 5014645.28 0.8256
472964.85 5014645.28 0.8409
472994.85 5014645.28 0.8814
473024.85 5014645.28 0.8269
473054.85 5014645.28 0.8248
473084.85 5014645.28 0.8231
473384.85 5014375.28 0.822
473114.85 5014645.28 0.8228
473144.85 5014645.28 0.822
473174.85 5014645.28 0.8225
473204.85 5014645.28 0.8231
473234.85 5014645.28 0.8226
473264.85 5014645.28 0.8232
473294.85 5014645.28 0.8231
473324.85 5014645.28 0.8233
473354.85 5014645.28 0.8239
473384.85 5014645.28 0.8229
472904.85 5014405.28 0.8257
472904.85 5014675.28 0.8278
472934.85 5014675.28 0.8287
472964.85 5014675.28 0.8234
472994.85 5014675.28 0.8267
473024.85 5014675.28 0.8248
473054.85 5014675.28 0.8236
473084.85 5014675.28 0.8225
473114.85 5014675.28 0.8224
473144.85 5014675.28 0.8229
473174.85 5014675.28 0.8236
472934.85 5014405.28 0.8248
473204.85 5014675.28 0.8226
473234.85 5014675.28 0.8223
473264.85 5014675.28 0.8228
473294.85 5014675.28 0.8231
473324.85 5014675.28 0.8233
473354.85 5014675.28 0.8225
473384.85 5014675.28 0.8231
472904.85 5014705.28 0.8269
472934.85 5014705.28 0.8226
472964.85 5014705.28 0.823
472964.85 5014405.28 0.8245
472994.85 5014705.28 0.823
473024.85 5014705.28 0.8227
473054.85 5014705.28 0.8246
473084.85 5014705.28 0.8221
473114.85 5014705.28 0.8222
473144.85 5014705.28 0.8224
473174.85 5014705.28 0.8226
473204.85 5014705.28 0.8238
473234.85 5014705.28 0.8232
473264.85 5014705.28 0.8233
472964.85 5014375.28 0.8242
472994.85 5014405.28 0.8242
473294.85 5014705.28 0.8229
473324.85 5014705.28 0.8234
473354.85 5014705.28 0.8231
473384.85 5014705.28 0.8229
472904.85 5014735.28 0.8284
472934.85 5014735.28 0.8222
472964.85 5014735.28 0.8221
472994.85 5014735.28 0.8222
473024.85 5014735.28 0.8224
473054.85 5014735.28 0.8218
473024.85 5014405.28 0.8229
473084.85 5014735.28 0.831
473114.85 5014735.28 0.8223
473144.85 5014735.28 0.822
473174.85 5014735.28 0.8224
473204.85 5014735.28 0.8225
473234.85 5014735.28 0.8231
473264.85 5014735.28 0.8228
473294.85 5014735.28 0.8231
473324.85 5014735.28 0.823
473354.85 5014735.28 0.8237
473054.85 5014405.28 0.8232
473384.85 5014735.28 0.823
472904.85 5014765.28 0.8265
472934.85 5014765.28 0.8225
472964.85 5014765.28 0.8224
472994.85 5014765.28 0.8227
473024.85 5014765.28 0.8238
473054.85 5014765.28 0.8224
473084.85 5014765.28 0.8251
473114.85 5014765.28 0.8243
473144.85 5014765.28 0.8224
473084.85 5014405.28 0.8226
473174.85 5014765.28 0.8226
473204.85 5014765.28 0.8224
473234.85 5014765.28 0.8229
473264.85 5014765.28 0.8227
473294.85 5014765.28 0.8223
473324.85 5014765.28 0.8223
473354.85 5014765.28 0.8234
473384.85 5014765.28 0.8223
472904.85 5014795.28 0.8262
472934.85 5014795.28 0.8225
473114.85 5014405.28 0.8227
472964.85 5014795.28 0.8233
472994.85 5014795.28 0.8246
473024.85 5014795.28 0.8258
473054.85 5014795.28 0.8233
473084.85 5014795.28 0.8274
473114.85 5014795.28 0.8597
473144.85 5014795.28 0.822
473174.85 5014795.28 0.8229
473204.85 5014795.28 0.823
473234.85 5014795.28 0.8232
473144.85 5014405.28 0.8223
473264.85 5014795.28 0.823
473294.85 5014795.28 0.8233
473324.85 5014795.28 0.8234
473354.85 5014795.28 0.823
473384.85 5014795.28 0.8224
472904.85 5014825.28 0.8258
472934.85 5014825.28 0.823
472964.85 5014825.28 0.836
472994.85 5014825.28 0.8231
473024.85 5014825.28 0.8233
473174.85 5014405.28 0.8224
473054.85 5014825.28 0.8366
473084.85 5014825.28 0.8472
473114.85 5014825.28 0.8311
473144.85 5014825.28 0.8228
473174.85 5014825.28 0.8228
473204.85 5014825.28 0.824
473234.85 5014825.28 0.8234
473264.85 5014825.28 0.8235
473294.85 5014825.28 0.8227
473324.85 5014825.28 0.823
473204.85 5014405.28 0.8222
473354.85 5014825.28 0.8228
473384.85 5014825.28 0.8224
472904.85 5014855.28 0.8256
472934.85 5014855.28 0.8826
472964.85 5014855.28 0.8809
472994.85 5014855.28 0.8938
473024.85 5014855.28 0.8823
473054.85 5014855.28 0.8843
473084.85 5014855.28 0.886
473114.85 5014855.28 0.8902
473234.85 5014405.28 0.8225
473144.85 5014855.28 0.8898
473174.85 5014855.28 0.8807
473204.85 5014855.28 0.8852
473234.85 5014855.28 0.8859
473264.85 5014855.28 0.8955
473294.85 5014855.28 0.8804
473324.85 5014855.28 0.8809
473354.85 5014855.28 0.879
473384.85 5014855.28 0.8794
472904.85 5014885.28 0.883
473264.85 5014405.28 0.8222
472994.85 5014375.28 0.8237
473294.85 5014405.28 0.8228
473324.85 5014405.28 0.8225
473354.85 5014405.28 0.8223
473384.85 5014405.28 0.8227
472904.85 5014435.28 0.8262
472934.85 5014435.28 0.8259
472964.85 5014435.28 0.8246
472994.85 5014435.28 0.8243
473024.85 5014435.28 0.8233
473054.85 5014435.28 0.8236
473024.85 5014375.28 0.8225
473084.85 5014435.28 0.8228
473114.85 5014435.28 0.8226
473144.85 5014435.28 0.8225
473174.85 5014435.28 0.8222
473204.85 5014435.28 0.8219
473234.85 5014435.28 0.8223
473264.85 5014435.28 0.8223
473294.85 5014435.28 0.8223
473324.85 5014435.28 0.8229
473354.85 5014435.28 0.8223
473054.85 5014375.28 0.8227
473384.85 5014435.28 0.8223
472904.85 5014465.28 0.8259
472934.85 5014465.28 0.8263
472964.85 5014465.28 0.8248
472994.85 5014465.28 0.8237
473024.85 5014465.28 0.8231
473054.85 5014465.28 0.8232
473084.85 5014465.28 0.8226
473114.85 5014465.28 0.8227
473144.85 5014465.28 0.8225
473084.85 5014375.28 0.8221
473174.85 5014465.28 0.8222
473204.85 5014465.28 0.8224
473234.85 5014465.28 0.8243
473264.85 5014465.28 0.8218
473294.85 5014465.28 0.822
473324.85 5014465.28 0.8226
473354.85 5014465.28 0.8226
473384.85 5014465.28 0.8222
472904.85 5014495.28 0.8262
472934.85 5014495.28 0.8239
473114.85 5014375.28 0.8225
472964.85 5014495.28 0.8235
472994.85 5014495.28 0.8236
473024.85 5014495.28 0.8234
473054.85 5014495.28 0.8229
473084.85 5014495.28 0.8231
473114.85 5014495.28 0.8227
473144.85 5014495.28 0.8225
473174.85 5014495.28 0.8225
473204.85 5014495.28 0.8226
473234.85 5014495.28 0.8224
473144.85 5014375.28 0.8219
473264.85 5014495.28 0.8234
473294.85 5014495.28 0.8237
473324.85 5014495.28 0.8243
473354.85 5014495.28 0.8244
473384.85 5014495.28 0.8245
472904.85 5014525.28 0.8331
472934.85 5014525.28 0.8231
472964.85 5014525.28 0.8236
472994.85 5014525.28 0.8235
473024.85 5014525.28 0.8232
473174.85 5014375.28 0.8223
473054.85 5014525.28 0.8231
473084.85 5014525.28 0.8226
473114.85 5014525.28 0.8225
473144.85 5014525.28 0.8229
473174.85 5014525.28 0.8227
473204.85 5014525.28 0.8236
473234.85 5014525.28 0.8234
473264.85 5014525.28 0.8232
473294.85 5014525.28 0.8236
473324.85 5014525.28 0.8231
