472934.83999999997 5014375.265000001 0.98
473204.85 5014375.275 54.68
473354.83999999997 5014525.275 4.90
473384.83999999997 5014525.275 10.35
473409.85 5014525.275 10.53
472934.83999999997 5014555.275 0.84
472964.83999999997 5014555.275 0.77
472994.85 5014555.275 1.19
473024.83999999997 5014555.275 2.29
473054.83999999997 5014555.275 2.40
473084.83999999997 5014555.275 1.39
473114.85 5014555.275 1.67
473234.83999999997 5014375.275 14.43
473144.83999999997 5014555.275 0.58
473174.83999999997 5014555.275 6.11
473204.85 5014555.275 10.00
473234.83999999997 5014555.275 8.00
473264.83999999997 5014555.275 41.37
473294.85 5014555.275 8.68
473324.83999999997 5014555.275 9.50
473354.83999999997 5014555.275 8.64
473384.83999999997 5014555.275 16.17
473409.83999999997 5014555.275 10.51
473264.83999999997 5014375.275 10.69
472934.83999999997 5014585.275 0.72
472964.85 5014585.275 0.78
472994.83999999997 5014585.275 1.09
473024.83999999997 5014585.275 1.72
473054.83999999997 5014585.275 0.82
473084.83999999997 5014585.275 1.26
473114.85 5014585.275 1.59
473144.83999999997 5014585.275 1.38
473174.83999999997 5014585.275 45.65
473204.85 5014585.275 3.11
473294.85 5014375.275 4.07
473234.83999999997 5014585.275 6.22
473264.83999999997 5014585.275 3.70
473294.85 5014585.275 9.70
473324.83999999997 5014585.275 12.67
473354.83999999997 5014585.275 26.47
473384.83999999997 5014585.275 110.47
473409.83999999997 5014585.275 8.32
472934.88 5014615.275 1.58
472964.81 5014615.285 0.30
472994.87 5014615.275 1.93
473324.83999999997 5014375.275 2.41
473024.85 5014615.285 0.99
473054.83999999997 5014615.275 1.68
473084.83999999997 5014615.275 1.08
473114.85 5014615.275 1.64
473144.83999999997 5014615.275 1.30
473174.83999999997 5014615.275 1.49
473204.85 5014615.275 1.10
473234.83999999997 5014615.275 2.70
473264.83999999997 5014615.275 6.84
473294.85 5014615.275 7.97
473354.83999999997 5014375.275 3.77
473324.83999999997 5014615.275 6.70
473354.86 5014615.275 14.43
473384.83999999997 5014615.275 4.03
473409.85 5014615.275 4.03
472935.07999999996 5014645.275 0.44
472964.83999999997 5014645.275 0.59
472994.87 5014645.275 0.94
473024.83999999997 5014645.275 0.20
473054.83999999997 5014645.275 1.35
473084.83999999997 5014645.275 0.92
473384.83999999997 5014375.275 4.56
473114.85 5014645.275 1.68
473144.83999999997 5014645.275 1.63
473174.83999999997 5014645.275 0.81
473204.85 5014645.275 2.32
473234.83999999997 5014645.275 3.53
473264.83999999997 5014645.275 5.26
473294.85 5014645.275 11.40
473324.83999999997 5014645.275 6.00
473354.83999999997 5014645.275 10.73
473384.83999999997 5014645.275 9.58
473409.83999999997 5014375.275 9.57
473409.83999999997 5014645.275 18.05
472934.85 5014675.275 1.35
472964.83999999997 5014675.275 0.38
472994.83999999997 5014675.275 0.56
473024.83999999997 5014675.275 0.35
473054.83999999997 5014675.285 0.87
473084.83999999997 5014675.275 1.57
473114.85 5014675.275 1.61
473144.83999999997 5014675.275 1.39
473174.83999999997 5014675.275 0.31
472934.83999999997 5014405.275 1.04
473204.85 5014675.275 27.22
473234.83999999997 5014675.275 6.14
473264.83999999997 5014675.275 12.47
473294.85 5014675.275 36.81
473324.83999999997 5014675.275 2.72
473354.83999999997 5014675.275 36.50
473384.83999999997 5014675.275 21.01
473409.83999999997 5014675.285 3.81
472934.83999999997 5014705.275 1.71
472964.83999999997 5014705.275 1.23
472964.83999999997 5014405.275 1.23
472994.83999999997 5014705.275 0.53
473024.83999999997 5014705.275 0.71
473054.83999999997 5014705.275 0.37
473084.83999999997 5014705.275 0.83
473114.85 5014705.275 1.53
473144.83999999997 5014705.275 1.44
473174.83999999997 5014705.275 1.00
473204.85 5014705.275 1.37
473234.83999999997 5014705.275 16.65
473264.83999999997 5014705.275 2.13
472964.83999999997 5014375.265000001 0.98
472994.83999999997 5014405.275 0.93
473294.83999999997 5014705.275 72.80
473324.83999999997 5014705.275 3.97
473354.83999999997 5014705.275 5.68
473384.83999999997 5014705.275 5.90
473409.83999999997 5014705.275 8.51
472934.83999999997 5014735.275 0.91
472964.83999999997 5014735.275 0.76
472994.83999999997 5014735.275 0.69
473024.83999999997 5014735.275 0.92
473054.83999999997 5014735.275 1.61
473024.83999999997 5014405.275 1.33
473084.83999999997 5014735.275 0.66
473114.85 5014735.275 1.14
473144.83999999997 5014735.275 1.33
473174.83999999997 5014735.275 1.25
473204.83999999997 5014735.275 1.01
473234.83999999997 5014735.265000001 1.44
473264.83999999997 5014735.275 4.65
473294.85 5014735.275 1.91
473324.83999999997 5014735.275 1.28
473354.83999999997 5014735.275 10.17
473054.83999999997 5014405.275 4.07
473384.83999999997 5014735.275 3.24
473409.83999999997 5014735.275 15.28
472934.83999999997 5014765.275 1.69
472964.83999999997 5014765.275 1.05
472994.83999999997 5014765.275 1.08
473024.83999999997 5014765.275 1.14
473054.83999999997 5014765.275 1.23
473084.82999999996 5014765.275 0.27
473114.85 5014765.265000001 0.99
473144.83999999997 5014765.275 0.65
473084.83999999997 5014405.275 1.48
473174.83999999997 5014765.275 1.29
473204.85 5014765.275 2.12
473234.83999999997 5014765.275 2.19
473264.83999999997 5014765.275 0.65
473294.85 5014765.275 44.00
473324.83999999997 5014765.275 2.53
473354.83999999997 5014765.275 9.90
473384.83999999997 5014765.275 6.61
473409.83999999997 5014765.275 12.41
472934.83999999997 5014795.275 0.79
473114.85 5014405.275 20.21
472964.83999999997 5014795.275 0.59
472994.83999999997 5014795.275 0.49
473024.83999999997 5014795.275 0.63
473054.83999999997 5014795.275 0.71
473084.83999999997 5014795.275 0.79
473114.85 5014795.265000001 2.47
473144.83999999997 5014795.275 0.96
473174.83999999997 5014795.275 0.58
473204.85 5014795.275 0.95
473234.83999999997 5014795.275 1.31
473144.83999999997 5014405.275 1.47
473264.83999999997 5014795.275 1.53
473294.83999999997 5014795.275 0.32
473324.83999999997 5014795.275 3.25
473354.83999999997 5014795.275 10.21
473384.83999999997 5014795.275 7.14
473409.83999999997 5014795.275 13.82
472934.83999999997 5014825.275 1.71
472964.83999999997 5014825.275 0.81
472994.83999999997 5014825.275 0.64
473024.83999999997 5014825.275 0.31
473174.83999999997 5014405.275 6.23
473054.86 5014825.275 0.50
473084.83999999997 5014825.275 0.89
473114.85 5014825.275 0.83
473144.83999999997 5014825.275 2.30
473174.83999999997 5014825.275 1.82
473204.85 5014825.275 0.87
473234.83999999997 5014825.275 0.95
473264.83999999997 5014825.275 0.26
473294.85 5014825.275 3.13
473324.83999999997 5014825.275 6.56
473204.85 5014405.275 63.14
473354.83999999997 5014825.275 3.31
473384.83999999997 5014825.275 10.83
473409.83999999997 5014825.275 7.30
472934.87 5014850.275 0.53
472964.83999999997 5014850.275 0.77
472994.83999999997 5014850.265000001 1.41
473024.83999999997 5014850.275 0.71
473054.83999999997 5014850.275 0.56
473084.83999999997 5014850.175000001 0.71
473114.85 5014850.265000001 1.27
473234.83999999997 5014405.275 11.25
473144.83999999997 5014849.875 0.69
473174.83999999997 5014850.275 1.70
473204.85 5014850.275 1.07
473234.83999999997 5014850.205 1.11
473264.83999999997 5014850.205 0.54
473294.85 5014850.265000001 1.70
473324.85 5014850.275 6.93
473354.83999999997 5014850.275 7.92
473384.83999999997 5014850.275 10.10
473409.83999999997 5014850.275 6.70
473264.83999999997 5014405.275 4.78
472994.83999999997 5014375.275 0.62
473294.85 5014405.275 6.09
473324.83999999997 5014405.275 5.12
473354.83999999997 5014405.275 10.94
473384.83999999997 5014405.275 3.60
473409.83999999997 5014405.275 4.00
472934.83999999997 5014435.275 1.18
472964.83999999997 5014435.275 1.21
472994.83999999997 5014435.275 0.97
473024.83999999997 5014435.275 1.18
473054.85 5014435.275 0.81
473024.83999999997 5014375.275 2.80
473084.83999999997 5014435.275 1.72
473114.85 5014435.275 0.49
473144.83999999997 5014435.275 0.73
473174.83999999997 5014435.275 20.26
473204.85 5014435.275 14.51
473234.83999999997 5014435.275 69.80
473264.83999999997 5014435.275 11.58
473294.85 5014435.275 5.85
473324.83999999997 5014435.275 7.84
473354.83999999997 5014435.275 7.37
473054.83999999997 5014375.275 7.71
473384.83999999997 5014435.275 8.59
473409.83999999997 5014435.275 3.02
472934.88 5014465.275 2.29
472964.83999999997 5014465.275 1.54
472994.83999999997 5014465.275 1.50
473024.83999999997 5014465.275 0.68
473054.83999999997 5014465.275 0.71
473084.83999999997 5014465.275 1.16
473114.85 5014465.275 1.47
473144.83999999997 5014465.275 0.12
473084.83999999997 5014375.275 19.30
473174.83999999997 5014465.275 1.82
473204.85 5014465.275 44.21
473234.83999999997 5014465.275 34.11
473264.83999999997 5014465.275 3.86
473294.85 5014465.275 3.06
473324.83999999997 5014465.275 2.00
473354.83999999997 5014465.275 2.33
473384.83999999997 5014465.275 6.11
473409.83999999997 5014465.275 5.30
472934.83999999997 5014495.275 3.24
473114.85 5014375.275 24.80
472964.83999999997 5014495.275 1.24
472994.83999999997 5014495.275 2.05
473024.83999999997 5014495.275 3.13
473054.83999999997 5014495.275 3.09
473084.83999999997 5014495.275 14.73
473114.85 5014495.275 0.94
473144.83999999997 5014495.275 0.33
473174.83999999997 5014495.275 1.93
473204.85 5014495.275 12.59
473234.83999999997 5014495.275 5.79
473144.83999999997 5014375.275 1.68
473264.83999999997 5014495.275 20.32
473294.85 5014495.275 2.51
473324.83999999997 5014495.275 2.32
473354.83999999997 5014495.275 3.11
473384.83999999997 5014495.275 9.52
473409.83999999997 5014495.275 3.15
472934.83999999997 5014525.275 1.38
472964.83999999997 5014525.275 1.12
472994.83999999997 5014525.275 4.57
473024.83999999997 5014525.275 3.68
473174.83999999997 5014375.275 24.66
473054.83999999997 5014525.275 11.43
473084.83999999997 5014525.275 1.13
473114.85 5014525.275 1.40
473144.83999999997 5014525.275 0.77
473174.83999999997 5014525.275 9.15
473204.85 5014525.275 4.81
473234.83999999997 5014525.275 3.71
473264.83999999997 5014525.275 7.70
473294.85 5014525.275 12.99
473324.83999999997 5014525.275 7.99
